3 2 400 252 217 166 -1 -1 -1 0 
4 2 401 253 215 166 -1 -1 -1 0 
5 2 396 253 217 167 -1 -1 -1 0 
6 2 395 258 215 166 -1 -1 -1 0 
7 2 395 260 214 166 -1 -1 -1 0 
34 1 29 226 604 253 -1 -1 -1 0 
34 5 193 382 138 97 -1 -1 -1 0 
35 1 30 225 601 254 -1 -1 -1 0 
35 5 190 381 152 98 -1 -1 -1 0 
36 1 32 225 598 254 -1 -1 -1 0 
36 5 191 377 166 102 -1 -1 -1 0 
37 1 42 224 594 255 -1 -1 -1 0 
37 5 192 375 172 104 -1 -1 -1 0 
38 1 48 224 581 255 -1 -1 -1 0 
38 5 193 379 144 100 -1 -1 -1 0 
39 1 0 225 627 254 -1 -1 -1 0 
40 1 0 225 624 254 -1 -1 -1 0 
41 1 1 226 620 253 -1 -1 -1 0 
42 1 13 225 620 254 -1 -1 -1 0 
43 1 0 224 627 255 -1 -1 -1 0 
44 1 0 222 628 257 -1 -1 -1 0 
45 1 1 223 624 256 -1 -1 -1 0 
46 1 4 224 610 255 -1 -1 -1 0 
47 1 48 230 570 249 -1 -1 -1 0 
48 1 151 234 474 245 -1 -1 -1 0 
49 1 57 235 566 244 -1 -1 -1 0 
50 1 33 238 594 241 -1 -1 -1 0 
51 1 8 245 577 234 -1 -1 -1 0 
52 1 22 261 563 218 -1 -1 -1 0 
53 1 22 265 560 214 -1 -1 -1 0 
54 1 26 266 548 213 -1 -1 -1 0 
54 5 213 375 103 104 -1 -1 -1 0 
55 1 163 268 453 211 -1 -1 -1 0 
55 5 218 358 103 106 -1 -1 -1 0 
56 1 174 265 451 214 -1 -1 -1 0 
56 5 220 363 102 109 -1 -1 -1 0 
57 1 160 264 468 215 -1 -1 -1 0 
57 5 220 362 102 111 -1 -1 -1 0 
58 1 159 264 471 215 -1 -1 -1 0 
58 5 222 371 103 108 -1 -1 -1 0 
59 1 119 262 504 217 -1 -1 -1 0 
59 5 222 390 100 89 -1 -1 -1 0 
60 1 67 260 545 218 -1 -1 -1 0 
60 5 219 384 118 93 -1 -1 -1 0 
61 1 132 261 493 218 -1 -1 -1 0 
61 5 212 346 95 115 -1 -1 -1 0 
62 1 138 263 492 216 -1 -1 -1 0 
62 5 210 342 97 118 -1 -1 -1 0 
63 4 0 245 586 234 -1 -1 -1 0 
63 10 5 118 195 215 -1 -1 -1 0 
64 4 0 243 596 236 -1 -1 -1 0 
64 10 14 104 194 215 -1 -1 -1 0 
65 4 4 131 542 347 -1 -1 -1 0 
65 10 10 103 195 220 -1 -1 -1 0 
66 1 0 244 596 235 -1 -1 -1 0 
66 4 0 118 566 360 -1 -1 -1 0 
67 1 0 243 594 236 -1 -1 -1 0 
67 10 4 103 193 217 -1 -1 -1 0 
68 1 1 243 591 236 -1 -1 -1 0 
68 10 3 100 192 218 -1 -1 -1 0 
69 1 2 243 592 236 -1 -1 -1 0 
69 10 2 100 192 220 -1 -1 -1 0 
70 1 2 242 594 237 -1 -1 -1 0 
70 10 2 99 192 221 -1 -1 -1 0 
71 1 3 241 590 238 -1 -1 -1 0 
71 10 1 101 193 221 -1 -1 -1 0 
72 1 0 239 594 240 -1 -1 -1 0 
72 10 2 100 190 219 -1 -1 -1 0 
73 1 0 238 596 241 -1 -1 -1 0 
73 4 0 118 555 361 -1 -1 -1 0 
74 4 2 120 497 359 -1 -1 -1 0 
74 10 1 101 179 224 -1 -1 -1 0 
75 1 0 174 607 305 -1 -1 -1 0 
76 1 0 160 624 319 -1 -1 -1 0 
77 1 4 158 607 321 -1 -1 -1 0 
78 1 33 166 591 313 -1 -1 -1 0 
79 1 24 166 613 313 -1 -1 -1 0 
80 1 21 161 615 318 -1 -1 -1 0 
81 1 64 150 567 329 -1 -1 -1 0 
81 5 182 228 135 147 -1 -1 -1 0 
82 1 142 144 490 334 -1 -1 -1 0 
82 5 175 226 135 147 -1 -1 -1 0 
83 1 157 138 475 339 -1 -1 -1 0 
83 4 33 115 605 364 -1 -1 -1 0 
84 4 59 109 569 369 -1 -1 -1 0 
84 5 130 290 169 188 -1 -1 -1 0 
85 1 70 92 566 387 -1 -1 -1 0 
86 1 79 81 560 397 -1 -1 -1 0 
87 1 10 83 629 391 -1 -1 -1 0 
88 1 7 85 611 393 -1 -1 -1 0 
89 1 8 84 610 393 -1 -1 -1 0 
90 1 6 82 611 395 -1 -1 -1 0 
91 1 2 80 615 397 -1 -1 -1 0 
92 1 20 78 607 399 -1 -1 -1 0 
