3 1 4 49 625 430 -1 -1 -1 0 
4 1 3 53 627 424 -1 -1 -1 0 
5 1 2 55 628 422 -1 -1 -1 0 
6 1 5 53 624 424 -1 -1 -1 0 
7 1 7 56 624 420 -1 -1 -1 0 
8 1 6 62 629 413 -1 -1 -1 0 
9 1 8 63 624 413 -1 -1 -1 0 
9 2 503 245 136 184 -1 -1 -1 0 
10 1 8 63 624 414 -1 -1 -1 0 
10 2 502 242 137 191 -1 -1 -1 0 
11 1 8 64 624 412 -1 -1 -1 0 
11 2 503 240 136 194 -1 -1 -1 0 
12 1 6 66 626 409 -1 -1 -1 0 
12 2 499 239 140 199 -1 -1 -1 0 
13 1 6 65 623 411 -1 -1 -1 0 
13 2 496 240 143 203 -1 -1 -1 0 
14 1 4 58 626 418 -1 -1 -1 0 
14 2 498 240 141 206 -1 -1 -1 0 
15 1 4 63 627 412 -1 -1 -1 0 
15 2 494 240 145 199 -1 -1 -1 0 
16 1 5 64 627 412 -1 -1 -1 0 
16 2 494 241 145 196 -1 -1 -1 0 
17 1 7 57 630 420 -1 -1 -1 0 
17 2 452 115 185 319 -1 -1 -1 0 
18 1 4 56 634 421 -1 -1 -1 0 
18 2 433 92 206 366 -1 -1 -1 0 
19 1 4 61 632 414 -1 -1 -1 0 
19 2 433 91 206 367 -1 -1 -1 0 
20 1 9 57 627 421 -1 -1 -1 0 
20 2 482 170 157 309 -1 -1 -1 0 
21 1 4 53 620 425 -1 -1 -1 0 
22 1 4 56 615 422 -1 -1 -1 0 
23 1 4 58 618 420 -1 -1 -1 0 
24 1 6 56 612 422 -1 -1 -1 0 
25 1 4 53 617 425 -1 -1 -1 0 
