3 1 21 102 618 374 -1 -1 -1 0 
4 1 24 102 615 373 -1 -1 -1 0 
5 1 24 102 615 373 -1 -1 -1 0 
6 1 23 103 616 372 -1 -1 -1 0 
7 1 28 103 611 373 -1 -1 -1 0 
8 1 25 109 614 369 -1 -1 -1 0 
9 1 28 114 611 365 -1 -1 -1 0 
10 2 496 221 143 173 -1 -1 -1 0 
11 2 491 222 148 175 -1 -1 -1 0 
12 2 473 221 166 173 -1 -1 -1 0 
13 2 459 226 180 175 -1 -1 -1 0 
14 2 463 202 176 201 -1 -1 -1 0 
15 2 444 150 195 253 -1 -1 -1 0 
16 2 439 130 200 286 -1 -1 -1 0 
17 2 436 126 203 290 -1 -1 -1 0 
18 2 439 123 200 302 -1 -1 -1 0 
19 2 481 271 158 188 -1 -1 -1 0 
20 2 491 273 148 167 -1 -1 -1 0 
21 1 0 109 639 369 -1 -1 -1 0 
21 2 495 270 144 173 -1 -1 -1 0 
21 3 0 157 251 312 -1 -1 -1 0 
22 1 0 109 639 370 -1 -1 -1 0 
22 2 493 267 146 178 -1 -1 -1 0 
22 3 0 155 250 311 -1 -1 -1 0 
23 1 0 111 639 366 -1 -1 -1 0 
23 2 492 267 147 169 -1 -1 -1 0 
23 3 6 110 186 369 -1 -1 -1 0 
24 1 0 116 639 361 -1 -1 -1 0 
24 2 495 268 144 164 -1 -1 -1 0 
24 3 0 118 183 361 -1 -1 -1 0 
25 1 0 116 639 361 -1 -1 -1 0 
25 2 493 268 146 164 -1 -1 -1 0 
25 3 0 118 182 361 -1 -1 -1 0 
26 1 11 120 628 359 -1 -1 -1 0 
26 2 490 261 148 172 -1 -1 -1 0 
26 3 2 209 130 267 -1 -1 -1 0 
27 1 16 119 623 360 -1 -1 -1 0 
27 2 499 188 140 232 -1 -1 -1 0 
27 3 0 201 125 276 -1 -1 -1 0 
28 1 15 131 624 348 -1 -1 -1 0 
28 2 513 250 126 195 -1 -1 -1 0 
29 1 26 129 613 350 -1 -1 -1 0 
30 1 28 134 611 345 -1 -1 -1 0 
31 1 17 135 622 344 -1 -1 -1 0 
32 1 20 130 619 349 -1 -1 -1 0 
33 1 26 132 613 347 -1 -1 -1 0 
34 1 23 133 616 346 -1 -1 -1 0 
35 1 25 133 614 346 -1 -1 -1 0 
36 1 21 133 618 346 -1 -1 -1 0 
37 1 21 134 618 345 -1 -1 -1 0 
38 1 23 134 616 345 -1 -1 -1 0 
39 1 26 133 613 346 -1 -1 -1 0 
40 1 10 125 629 354 -1 -1 -1 0 
41 1 24 125 615 354 -1 -1 -1 0 
42 1 40 129 599 350 -1 -1 -1 0 
43 1 34 132 605 347 -1 -1 -1 0 
43 4 66 137 235 311 -1 -1 -1 0 
44 1 32 132 607 347 -1 -1 -1 0 
44 4 61 134 234 314 -1 -1 -1 0 
45 1 35 131 604 348 -1 -1 -1 0 
45 4 60 134 233 315 -1 -1 -1 0 
46 1 43 130 596 349 -1 -1 -1 0 
46 4 60 136 230 314 -1 -1 -1 0 
47 1 34 130 605 349 -1 -1 -1 0 
47 4 57 138 230 316 -1 -1 -1 0 
48 1 14 129 625 350 -1 -1 -1 0 
48 4 37 138 227 327 -1 -1 -1 0 
49 1 18 129 620 350 -1 -1 -1 0 
50 1 23 129 616 350 -1 -1 -1 0 
51 1 27 131 612 348 -1 -1 -1 0 
52 1 18 133 621 346 -1 -1 -1 0 
53 1 19 133 620 346 -1 -1 -1 0 
54 1 28 133 611 346 -1 -1 -1 0 
55 1 23 133 616 346 -1 -1 -1 0 
56 1 17 133 622 346 -1 -1 -1 0 
57 1 17 133 622 346 -1 -1 -1 0 
58 1 19 134 620 345 -1 -1 -1 0 
59 1 21 134 618 345 -1 -1 -1 0 
60 1 18 134 621 345 -1 -1 -1 0 
61 1 21 132 618 347 -1 -1 -1 0 
62 1 17 133 622 346 -1 -1 -1 0 
63 1 17 134 622 345 -1 -1 -1 0 
64 1 21 132 618 347 -1 -1 -1 0 
65 1 22 133 617 346 -1 -1 -1 0 
66 1 19 134 620 345 -1 -1 -1 0 
67 1 19 134 620 345 -1 -1 -1 0 
68 1 27 133 612 346 -1 -1 -1 0 
69 1 29 133 610 346 -1 -1 -1 0 
70 1 26 133 613 346 -1 -1 -1 0 
71 5 417 149 198 165 -1 -1 -1 0 
72 5 411 151 201 168 -1 -1 -1 0 
73 5 409 152 203 167 -1 -1 -1 0 
74 5 409 153 202 167 -1 -1 -1 0 
75 5 408 153 199 168 -1 -1 -1 0 
76 5 407 153 201 170 -1 -1 -1 0 
77 5 406 154 200 172 -1 -1 -1 0 
78 5 406 155 199 175 -1 -1 -1 0 
79 5 405 155 201 175 -1 -1 -1 0 
80 5 402 167 208 171 -1 -1 -1 0 
81 5 400 170 207 174 -1 -1 -1 0 
82 5 400 172 209 174 -1 -1 -1 0 
83 5 400 175 204 176 -1 -1 -1 0 
84 5 398 186 200 165 -1 -1 -1 0 
85 5 397 189 198 163 -1 -1 -1 0 
100 1 3 138 636 341 -1 -1 -1 0 
100 6 252 352 204 127 -1 -1 -1 0 
101 1 83 138 552 341 -1 -1 -1 0 
101 6 243 350 207 129 -1 -1 -1 0 
102 1 75 137 564 342 -1 -1 -1 0 
102 6 230 322 222 157 -1 -1 -1 0 
103 1 78 139 561 340 -1 -1 -1 0 
103 6 245 294 192 183 -1 -1 -1 0 
104 1 88 139 551 340 -1 -1 -1 0 
104 6 249 292 188 186 -1 -1 -1 0 
105 1 147 140 490 339 -1 -1 -1 0 
105 6 250 296 188 182 -1 -1 -1 0 
106 1 21 143 618 336 -1 -1 -1 0 
106 6 247 296 194 183 -1 -1 -1 0 
107 1 136 144 495 335 -1 -1 -1 0 
107 6 252 299 192 180 -1 -1 -1 0 
108 1 92 140 547 339 -1 -1 -1 0 
108 6 251 299 185 180 -1 -1 -1 0 
109 1 1 144 638 334 -1 -1 -1 0 
109 6 286 402 172 77 -1 -1 -1 0 
110 1 8 139 631 340 -1 -1 -1 0 
111 1 10 138 629 341 -1 -1 -1 0 
112 1 3 140 636 339 -1 -1 -1 0 
113 1 0 136 639 343 -1 -1 -1 0 
114 1 31 134 608 345 -1 -1 -1 0 
115 1 21 133 618 346 -1 -1 -1 0 
116 1 13 135 623 343 -1 -1 -1 0 
117 1 9 139 627 339 -1 -1 -1 0 
118 1 10 150 627 328 -1 -1 -1 0 
119 1 3 156 632 322 -1 -1 -1 0 
