3 1 18 98 621 379 -1 -1 -1 0 
4 1 19 98 620 378 -1 -1 -1 0 
5 1 22 97 617 380 -1 -1 -1 0 
6 1 15 94 623 383 -1 -1 -1 0 
7 1 22 100 617 376 -1 -1 -1 0 
8 1 20 104 611 372 -1 -1 -1 0 
9 1 15 107 621 369 -1 -1 -1 0 
10 1 18 105 617 372 -1 -1 -1 0 
11 3 512 232 127 164 -1 -1 -1 0 
12 3 506 231 133 168 -1 -1 -1 0 
13 3 505 230 134 169 -1 -1 -1 0 
14 3 505 200 134 193 -1 -1 -1 0 
15 3 466 105 173 297 -1 -1 -1 0 
16 3 468 113 171 288 -1 -1 -1 0 
17 3 465 106 174 297 -1 -1 -1 0 
18 3 462 102 177 298 -1 -1 -1 0 
19 3 463 110 176 294 -1 -1 -1 0 
20 3 514 213 125 182 -1 -1 -1 0 
21 3 502 243 137 166 -1 -1 -1 0 
22 3 504 238 135 165 -1 -1 -1 0 
23 1 1 91 633 388 -1 -1 -1 0 
23 3 499 241 140 163 -1 -1 -1 0 
23 4 41 150 213 317 -1 -1 -1 0 
24 1 8 91 623 388 -1 -1 -1 0 
24 3 499 245 140 162 -1 -1 -1 0 
25 1 6 93 627 386 -1 -1 -1 0 
25 4 43 154 200 319 -1 -1 -1 0 
26 1 4 93 630 386 -1 -1 -1 0 
26 4 44 157 199 317 -1 -1 -1 0 
27 1 5 93 634 385 -1 -1 -1 0 
28 1 2 96 631 382 -1 -1 -1 0 
29 1 8 91 627 387 -1 -1 -1 0 
30 1 16 90 609 389 -1 -1 -1 0 
31 1 14 90 618 389 -1 -1 -1 0 
32 1 14 92 617 387 -1 -1 -1 0 
33 1 12 94 620 384 -1 -1 -1 0 
34 1 15 95 614 384 -1 -1 -1 0 
35 1 17 94 614 385 -1 -1 -1 0 
36 1 16 94 618 384 -1 -1 -1 0 
37 1 17 95 617 384 -1 -1 -1 0 
38 1 19 94 616 385 -1 -1 -1 0 
39 1 16 95 616 384 -1 -1 -1 0 
40 1 15 96 618 382 -1 -1 -1 0 
41 1 15 95 617 384 -1 -1 -1 0 
42 1 14 94 616 384 -1 -1 -1 0 
43 1 16 100 623 375 -1 -1 -1 0 
44 1 18 101 621 374 -1 -1 -1 0 
44 3 517 212 122 177 -1 -1 -1 0 
45 1 13 100 626 376 -1 -1 -1 0 
45 3 509 212 130 179 -1 -1 -1 0 
46 1 11 100 628 376 -1 -1 -1 0 
46 3 506 211 133 181 -1 -1 -1 0 
47 1 12 101 627 374 -1 -1 -1 0 
47 3 500 212 139 183 -1 -1 -1 0 
48 1 16 102 622 374 -1 -1 -1 0 
48 3 499 167 139 225 -1 -1 -1 0 
49 1 17 108 622 368 -1 -1 -1 0 
50 1 93 121 544 358 -1 -1 -1 0 
51 1 102 123 536 356 -1 -1 -1 0 
52 3 410 135 229 230 -1 -1 -1 0 
53 3 412 137 227 230 -1 -1 -1 0 
54 1 215 139 417 340 -1 -1 -1 0 
54 3 419 146 220 208 -1 -1 -1 0 
55 1 231 143 402 336 -1 -1 -1 0 
56 3 427 151 212 186 -1 -1 -1 0 
57 3 445 129 193 228 -1 -1 -1 0 
61 1 207 143 430 336 -1 -1 -1 0 
