13 2 232 313 199 166 -1 -1 -1 0 
14 1 111 190 521 289 -1 -1 -1 0 
14 2 236 311 196 166 -1 -1 -1 0 
15 1 105 190 529 289 -1 -1 -1 0 
15 2 231 311 199 168 -1 -1 -1 0 
15 3 235 311 197 168 -1 -1 -1 0 
16 1 100 190 535 289 -1 -1 -1 0 
16 2 238 311 196 168 -1 -1 -1 0 
17 1 109 190 522 289 -1 -1 -1 0 
17 2 242 310 187 169 -1 -1 -1 0 
18 1 84 191 550 288 -1 -1 -1 0 
18 2 255 387 143 92 -1 -1 -1 0 
19 1 110 190 528 289 -1 -1 -1 0 
20 1 110 186 523 293 -1 -1 -1 0 
21 1 103 186 536 293 -1 -1 -1 0 
22 1 106 187 531 292 -1 -1 -1 0 
23 1 104 187 535 292 -1 -1 -1 0 
24 1 108 188 527 291 -1 -1 -1 0 
25 1 101 188 535 291 -1 -1 -1 0 
26 1 102 191 527 288 -1 -1 -1 0 
27 3 341 328 127 128 -1 -1 -1 0 
28 3 335 333 125 119 -1 -1 -1 0 
29 3 335 331 120 120 -1 -1 -1 0 
30 3 325 339 124 122 -1 -1 -1 0 
31 3 328 340 123 121 -1 -1 -1 0 
61 5 0 382 167 97 -1 -1 -1 0 
62 5 0 377 170 102 -1 -1 -1 0 
63 5 0 366 182 112 -1 -1 -1 0 
64 5 0 359 186 120 -1 -1 -1 0 
65 5 3 313 186 166 -1 -1 -1 0 
66 5 31 287 157 187 -1 -1 -1 0 
67 5 22 305 160 174 -1 -1 -1 0 
68 5 20 302 162 177 -1 -1 -1 0 
69 5 26 303 155 175 -1 -1 -1 0 
70 5 24 306 161 173 -1 -1 -1 0 
71 5 22 307 163 171 -1 -1 -1 0 
76 5 75 283 148 189 -1 -1 -1 0 
77 5 124 254 120 182 -1 -1 -1 0 
79 5 140 248 119 176 -1 -1 -1 0 
80 5 144 246 118 176 -1 -1 -1 0 
81 7 141 253 122 171 -1 -1 -1 0 
82 5 133 271 125 175 -1 -1 -1 0 
83 5 138 270 127 176 -1 -1 -1 0 
89 6 7 294 210 185 -1 -1 -1 0 
89 7 0 292 214 187 -1 -1 -1 0 
90 6 0 228 222 251 -1 -1 -1 0 
90 7 0 295 207 184 -1 -1 -1 0 
91 6 0 197 257 280 -1 -1 -1 0 
92 5 0 192 262 287 -1 -1 -1 0 
92 6 1 188 250 289 -1 -1 -1 0 
93 5 1 204 246 275 -1 -1 -1 0 
