3 1 19 152 609 327 -1 -1 -1 0 
3 2 557 8 82 465 -1 -1 -1 0 
4 1 13 153 617 326 -1 -1 -1 0 
4 2 558 7 81 466 -1 -1 -1 0 
5 1 15 153 613 326 -1 -1 -1 0 
5 2 558 7 81 466 -1 -1 -1 0 
6 1 12 153 618 326 -1 -1 -1 0 
7 1 17 153 612 326 -1 -1 -1 0 
7 2 558 7 81 466 -1 -1 -1 0 
8 1 16 154 615 325 -1 -1 -1 0 
9 1 12 152 598 327 -1 -1 -1 0 
9 2 557 5 82 468 -1 -1 -1 0 
10 1 8 150 606 329 -1 -1 -1 0 
10 2 553 4 86 469 -1 -1 -1 0 
11 1 4 149 615 330 -1 -1 -1 0 
11 2 555 6 84 466 -1 -1 -1 0 
12 1 8 148 631 330 -1 -1 -1 0 
12 2 555 6 84 466 -1 -1 -1 0 
13 1 0 145 635 332 -1 -1 -1 0 
14 3 439 273 169 159 -1 -1 -1 0 
15 3 429 279 168 156 -1 -1 -1 0 
16 3 414 281 170 161 -1 -1 -1 0 
17 3 405 280 173 162 -1 -1 -1 0 
18 3 402 281 169 163 -1 -1 -1 0 
19 3 398 248 170 196 -1 -1 -1 0 
20 3 347 168 216 281 -1 -1 -1 0 
21 3 342 173 218 276 -1 -1 -1 0 
22 3 338 172 224 278 -1 -1 -1 0 
23 3 339 170 224 281 -1 -1 -1 0 
24 3 338 170 227 279 -1 -1 -1 0 
25 3 332 167 237 283 -1 -1 -1 0 
26 3 332 170 239 280 -1 -1 -1 0 
27 3 330 170 240 282 -1 -1 -1 0 
28 3 331 168 241 286 -1 -1 -1 0 
29 3 378 254 177 180 -1 -1 -1 0 
30 3 376 270 176 156 -1 -1 -1 0 
31 3 370 269 179 159 -1 -1 -1 0 
32 3 367 269 180 160 -1 -1 -1 0 
33 3 329 179 222 262 -1 -1 -1 0 
34 3 324 175 233 270 -1 -1 -1 0 
35 3 326 174 232 271 -1 -1 -1 0 
36 3 336 171 233 272 -1 -1 -1 0 
37 3 331 163 242 283 -1 -1 -1 0 
38 2 553 5 86 468 -1 -1 -1 0 
39 2 555 5 84 468 -1 -1 -1 0 
40 2 554 7 85 465 -1 -1 -1 0 
41 2 554 7 85 465 -1 -1 -1 0 
