3 1 3 79 611 400 -1 -1 -1 0 
4 1 4 79 608 399 -1 -1 -1 0 
5 1 3 79 613 400 -1 -1 -1 0 
6 1 4 79 606 399 -1 -1 -1 0 
7 1 5 81 598 398 -1 -1 -1 0 
8 1 8 106 596 371 -1 -1 -1 0 
9 1 32 111 598 366 -1 -1 -1 0 
10 1 41 113 589 364 -1 -1 -1 0 
11 1 22 127 617 352 -1 -1 -1 0 
12 1 23 141 616 337 -1 -1 -1 0 
13 1 95 148 541 330 -1 -1 -1 0 
15 1 169 141 463 338 -1 -1 -1 0 
16 1 192 142 446 337 -1 -1 -1 0 
17 1 208 147 431 332 -1 -1 -1 0 
18 1 201 147 438 330 -1 -1 -1 0 
18 2 0 339 359 140 -1 -1 -1 0 
19 1 215 151 424 326 -1 -1 -1 0 
20 1 222 152 417 325 -1 -1 -1 0 
20 2 2 371 355 108 -1 -1 -1 0 
21 1 235 156 404 321 -1 -1 -1 0 
22 1 215 148 424 331 -1 -1 -1 0 
22 2 2 371 342 108 -1 -1 -1 0 
23 1 172 143 467 336 -1 -1 -1 0 
23 2 2 371 348 108 -1 -1 -1 0 
24 1 168 142 471 337 -1 -1 -1 0 
24 2 1 371 353 108 -1 -1 -1 0 
25 1 211 143 426 336 -1 -1 -1 0 
25 2 1 371 347 108 -1 -1 -1 0 
26 1 174 139 465 340 -1 -1 -1 0 
26 2 0 371 356 108 -1 -1 -1 0 
27 1 209 140 428 339 -1 -1 -1 0 
27 2 2 371 346 108 -1 -1 -1 0 
28 1 209 144 430 334 -1 -1 -1 0 
28 2 1 371 351 108 -1 -1 -1 0 
29 1 214 145 425 333 -1 -1 -1 0 
30 1 214 143 425 335 -1 -1 -1 0 
30 2 1 372 352 107 -1 -1 -1 0 
31 1 219 144 420 335 -1 -1 -1 0 
32 2 1 372 353 107 -1 -1 -1 0 
33 2 1 371 354 108 -1 -1 -1 0 
34 2 3 370 337 109 -1 -1 -1 0 
35 2 0 370 360 109 -1 -1 -1 0 
36 2 0 371 350 108 -1 -1 -1 0 
37 2 0 371 351 108 -1 -1 -1 0 
38 2 2 371 337 108 -1 -1 -1 0 
39 2 0 371 352 108 -1 -1 -1 0 
40 2 1 371 346 108 -1 -1 -1 0 
41 2 0 371 352 108 -1 -1 -1 0 
42 2 0 371 353 108 -1 -1 -1 0 
43 2 1 360 343 116 -1 -1 -1 0 
44 1 169 130 464 349 -1 -1 -1 0 
44 2 1 362 341 117 -1 -1 -1 0 
45 1 133 139 496 340 -1 -1 -1 0 
45 2 0 365 337 114 -1 -1 -1 0 
46 1 81 148 535 331 -1 -1 -1 0 
46 2 1 363 335 116 -1 -1 -1 0 
47 1 52 159 573 320 -1 -1 -1 0 
47 2 0 361 349 118 -1 -1 -1 0 
48 1 56 163 562 316 -1 -1 -1 0 
48 2 0 363 349 116 -1 -1 -1 0 
49 1 76 157 529 322 -1 -1 -1 0 
49 2 0 363 345 116 -1 -1 -1 0 
50 1 55 156 574 323 -1 -1 -1 0 
50 2 0 362 356 117 -1 -1 -1 0 
51 1 51 157 579 322 -1 -1 -1 0 
51 2 0 362 358 117 -1 -1 -1 0 
52 1 46 158 588 321 -1 -1 -1 0 
52 2 0 361 354 118 -1 -1 -1 0 
53 1 47 158 584 321 -1 -1 -1 0 
53 2 0 360 357 119 -1 -1 -1 0 
54 1 50 157 579 322 -1 -1 -1 0 
54 2 0 360 356 119 -1 -1 -1 0 
55 1 50 156 577 323 -1 -1 -1 0 
55 2 0 357 362 122 -1 -1 -1 0 
56 1 54 156 569 323 -1 -1 -1 0 
56 2 0 356 360 123 -1 -1 -1 0 
57 1 119 154 512 325 -1 -1 -1 0 
57 2 2 340 355 139 -1 -1 -1 0 
58 1 162 154 472 325 -1 -1 -1 0 
58 2 5 287 345 190 -1 -1 -1 0 
59 1 162 153 474 326 -1 -1 -1 0 
59 2 8 237 346 238 -1 -1 -1 0 
60 1 122 149 510 330 -1 -1 -1 0 
60 2 2 209 389 268 -1 -1 -1 0 
61 1 118 149 511 330 -1 -1 -1 0 
61 2 1 198 404 281 -1 -1 -1 0 
62 1 124 147 505 332 -1 -1 -1 0 
62 2 1 197 412 282 -1 -1 -1 0 
63 1 131 146 495 333 -1 -1 -1 0 
63 2 0 216 416 263 -1 -1 -1 0 
64 1 112 145 519 334 -1 -1 -1 0 
64 2 0 230 418 249 -1 -1 -1 0 
65 1 48 140 582 339 -1 -1 -1 0 
65 2 0 230 412 249 -1 -1 -1 0 
66 1 115 145 502 334 -1 -1 -1 0 
66 2 0 230 410 249 -1 -1 -1 0 
67 1 66 144 547 335 -1 -1 -1 0 
67 2 0 227 416 252 -1 -1 -1 0 
68 1 111 140 501 339 -1 -1 -1 0 
68 2 0 225 418 254 -1 -1 -1 0 
69 1 95 138 538 341 -1 -1 -1 0 
69 2 0 222 412 257 -1 -1 -1 0 
70 1 93 137 543 342 -1 -1 -1 0 
70 2 0 225 412 254 -1 -1 -1 0 
71 1 92 136 547 343 -1 -1 -1 0 
72 2 0 228 409 251 -1 -1 -1 0 
73 2 0 228 412 251 -1 -1 -1 0 
74 2 0 227 412 252 -1 -1 -1 0 
75 2 0 226 413 253 -1 -1 -1 0 
76 2 0 225 415 254 -1 -1 -1 0 
77 2 0 225 417 254 -1 -1 -1 0 
78 2 0 227 412 252 -1 -1 -1 0 
79 2 0 227 413 252 -1 -1 -1 0 
80 2 0 226 413 253 -1 -1 -1 0 
81 2 0 227 411 252 -1 -1 -1 0 
82 2 0 226 411 252 -1 -1 -1 0 
83 2 1 227 401 252 -1 -1 -1 0 
84 2 0 227 409 252 -1 -1 -1 0 
85 2 0 227 411 252 -1 -1 -1 0 
86 1 221 68 418 409 -1 -1 -1 0 
86 2 0 227 407 251 -1 -1 -1 0 
87 1 229 64 410 412 -1 -1 -1 0 
88 1 225 16 413 460 -1 -1 -1 0 
88 2 0 227 403 252 -1 -1 -1 0 
89 1 180 2 459 476 -1 -1 -1 0 
89 2 3 228 363 251 -1 -1 -1 0 
90 1 181 0 458 477 -1 -1 -1 0 
90 2 7 224 336 255 -1 -1 -1 0 
91 2 0 217 402 262 -1 -1 -1 0 
92 1 219 41 420 433 -1 -1 -1 0 
92 2 0 213 393 266 -1 -1 -1 0 
93 1 223 38 416 437 -1 -1 -1 0 
94 1 218 49 420 427 -1 -1 -1 0 
94 2 0 209 394 270 -1 -1 -1 0 
95 1 227 52 411 424 -1 -1 -1 0 
95 2 3 210 362 269 -1 -1 -1 0 
96 1 268 54 368 424 -1 -1 -1 0 
96 2 2 208 359 271 -1 -1 -1 0 
97 1 275 53 363 426 -1 -1 -1 0 
97 2 1 208 359 271 -1 -1 -1 0 
98 1 217 52 422 427 -1 -1 -1 0 
98 2 1 207 363 272 -1 -1 -1 0 
99 1 169 49 470 430 -1 -1 -1 0 
99 2 1 206 361 273 -1 -1 -1 0 
100 1 171 46 464 433 -1 -1 -1 0 
100 2 0 206 362 273 -1 -1 -1 0 
101 1 60 27 579 452 -1 -1 -1 0 
101 2 2 205 361 274 -1 -1 -1 0 
102 1 82 32 550 447 -1 -1 -1 0 
102 2 2 205 360 274 -1 -1 -1 0 
103 1 41 26 598 453 -1 -1 -1 0 
103 2 0 208 399 271 -1 -1 -1 0 
104 1 28 31 604 448 -1 -1 -1 0 
104 2 5 207 364 272 -1 -1 -1 0 
105 1 23 31 610 448 -1 -1 -1 0 
105 2 0 205 407 274 -1 -1 -1 0 
106 1 27 22 601 457 -1 -1 -1 0 
106 2 4 206 363 273 -1 -1 -1 0 
107 1 46 36 570 442 -1 -1 -1 0 
107 2 1 202 346 277 -1 -1 -1 0 
108 1 62 46 550 433 -1 -1 -1 0 
108 2 0 202 350 277 -1 -1 -1 0 
109 1 0 59 621 420 -1 -1 -1 0 
109 2 0 197 359 282 -1 -1 -1 0 
110 1 29 75 603 404 -1 -1 -1 0 
110 2 7 193 279 286 -1 -1 -1 0 
