3 1 6 0 621 479 -1 -1 -1 0 
4 1 6 0 618 479 -1 -1 -1 0 
5 1 2 0 626 478 -1 -1 -1 0 
6 1 0 2 631 475 -1 -1 -1 0 
7 1 2 2 619 477 -1 -1 -1 0 
7 2 477 188 162 193 -1 -1 -1 0 
8 1 0 4 623 475 -1 -1 -1 0 
8 2 475 178 164 196 -1 -1 -1 0 
9 1 0 3 625 476 -1 -1 -1 0 
9 2 471 178 168 199 -1 -1 -1 0 
10 1 0 1 631 478 -1 -1 -1 0 
10 2 469 180 170 196 -1 -1 -1 0 
11 1 1 1 625 478 -1 -1 -1 0 
11 2 473 187 166 206 -1 -1 -1 0 
12 1 2 2 612 477 -1 -1 -1 0 
13 1 5 3 604 476 -1 -1 -1 0 
14 1 4 5 604 474 -1 -1 -1 0 
15 1 4 5 607 474 -1 -1 -1 0 
16 1 5 2 602 477 -1 -1 -1 0 
17 1 3 1 608 478 -1 -1 -1 0 
