3 1 27 208 599 269 -1 -1 -1 0 
4 1 0 268 458 211 -1 -1 -1 0 
5 1 0 276 628 201 -1 -1 -1 0 
6 1 0 277 632 198 -1 -1 -1 0 
7 1 6 279 439 200 -1 -1 -1 0 
8 1 21 211 587 263 -1 -1 -1 0 
9 1 0 267 639 210 -1 -1 -1 0 
10 1 5 275 445 204 -1 -1 -1 0 
11 1 0 276 447 203 -1 -1 -1 0 
12 1 0 278 431 201 -1 -1 -1 0 
13 1 0 279 432 200 -1 -1 -1 0 
14 1 0 280 438 199 -1 -1 -1 0 
15 1 0 280 440 199 -1 -1 -1 0 
16 1 0 279 434 200 -1 -1 -1 0 
17 1 0 280 414 199 -1 -1 -1 0 
18 1 0 281 403 198 -1 -1 -1 0 
19 1 0 278 416 201 -1 -1 -1 0 
20 1 1 275 363 204 -1 -1 -1 0 
21 1 0 276 361 203 -1 -1 -1 0 
22 1 0 276 405 203 -1 -1 -1 0 
23 1 0 279 414 200 -1 -1 -1 0 
24 1 0 279 439 200 -1 -1 -1 0 
25 1 0 278 434 201 -1 -1 -1 0 
26 1 0 280 471 199 -1 -1 -1 0 
27 1 1 280 434 199 -1 -1 -1 0 
28 4 548 219 91 123 -1 -1 -1 0 
29 4 542 223 97 119 -1 -1 -1 0 
30 4 541 224 98 120 -1 -1 -1 0 
31 4 542 226 97 118 -1 -1 -1 0 
32 4 543 226 96 115 -1 -1 -1 0 
42 7 259 206 164 202 -1 -1 -1 0 
43 1 0 224 560 255 -1 -1 -1 0 
43 7 253 206 165 204 -1 -1 -1 0 
44 1 0 219 578 260 -1 -1 -1 0 
44 7 251 208 165 205 -1 -1 -1 0 
45 1 0 229 565 250 -1 -1 -1 0 
45 7 260 214 150 203 -1 -1 -1 0 
46 1 2 276 372 203 -1 -1 -1 0 
47 1 0 277 370 202 -1 -1 -1 0 
48 1 0 278 368 201 -1 -1 -1 0 
49 1 0 278 397 201 -1 -1 -1 0 
50 1 0 279 405 200 -1 -1 -1 0 
51 1 1 274 360 205 -1 -1 -1 0 
51 7 397 193 157 209 -1 -1 -1 0 
52 1 0 256 343 223 -1 -1 -1 0 
53 1 1 230 352 248 -1 -1 -1 0 
54 1 8 188 290 290 -1 -1 -1 0 
55 1 2 175 266 303 -1 -1 -1 0 
56 1 0 163 284 316 -1 -1 -1 0 
57 1 0 228 292 251 -1 -1 -1 0 
58 1 0 227 289 252 -1 -1 -1 0 
60 1 0 266 368 213 -1 -1 -1 0 
61 1 1 267 368 212 -1 -1 -1 0 
62 1 1 266 362 213 -1 -1 -1 0 
63 1 1 267 356 212 -1 -1 -1 0 
64 1 2 268 353 211 -1 -1 -1 0 
65 1 1 267 355 212 -1 -1 -1 0 
66 1 1 265 354 214 -1 -1 -1 0 
67 1 2 265 354 214 -1 -1 -1 0 
68 1 1 266 354 213 -1 -1 -1 0 
69 1 1 264 353 215 -1 -1 -1 0 
70 1 0 264 419 215 -1 -1 -1 0 
70 9 410 301 144 178 -1 -1 -1 0 
71 1 0 265 396 214 -1 -1 -1 0 
71 9 404 309 154 170 -1 -1 -1 0 
72 1 0 266 402 213 -1 -1 -1 0 
73 1 0 266 398 213 -1 -1 -1 0 
73 7 94 175 545 304 -1 -1 -1 0 
73 12 0 88 103 210 -1 -1 -1 0 
74 1 0 267 396 212 -1 -1 -1 0 
74 7 138 174 499 305 -1 -1 -1 0 
74 12 0 91 113 214 -1 -1 -1 0 
75 1 0 265 413 214 -1 -1 -1 0 
75 7 107 175 531 304 -1 -1 -1 0 
75 12 0 97 131 213 -1 -1 -1 0 
76 1 0 262 413 217 -1 -1 -1 0 
76 7 140 174 497 305 -1 -1 -1 0 
76 12 0 101 139 214 -1 -1 -1 0 
77 1 0 261 424 218 -1 -1 -1 0 
77 7 133 174 506 305 -1 -1 -1 0 
77 12 0 102 145 217 -1 -1 -1 0 
78 1 0 260 430 219 -1 -1 -1 0 
78 7 99 175 538 304 -1 -1 -1 0 
79 7 96 175 539 304 -1 -1 -1 0 
79 12 0 102 146 218 -1 -1 -1 0 
80 1 0 264 422 215 -1 -1 -1 0 
80 7 97 175 534 304 -1 -1 -1 0 
80 12 0 103 146 216 -1 -1 -1 0 
81 1 0 265 426 214 -1 -1 -1 0 
81 7 93 175 542 304 -1 -1 -1 0 
82 7 92 176 545 303 -1 -1 -1 0 
82 12 0 104 146 220 -1 -1 -1 0 
83 7 103 176 532 303 -1 -1 -1 0 
83 12 0 104 147 219 -1 -1 -1 0 
84 7 134 176 504 303 -1 -1 -1 0 
84 12 0 104 147 219 -1 -1 -1 0 
85 7 109 176 523 303 -1 -1 -1 0 
85 12 0 104 147 218 -1 -1 -1 0 
86 7 132 175 506 304 -1 -1 -1 0 
86 12 0 105 147 216 -1 -1 -1 0 
87 1 0 259 436 220 -1 -1 -1 0 
87 7 100 174 537 305 -1 -1 -1 0 
87 9 0 162 117 150 -1 -1 -1 0 
88 7 134 172 503 307 -1 -1 -1 0 
88 9 0 183 116 120 -1 -1 -1 0 
89 7 133 173 506 306 -1 -1 -1 0 
89 9 0 192 115 111 -1 -1 -1 0 
90 7 132 173 507 306 -1 -1 -1 0 
90 9 0 192 115 114 -1 -1 -1 0 
91 7 133 173 506 306 -1 -1 -1 0 
91 9 0 193 115 113 -1 -1 -1 0 
92 7 134 172 505 307 -1 -1 -1 0 
92 9 0 193 114 113 -1 -1 -1 0 
93 7 135 171 504 308 -1 -1 -1 0 
93 9 0 194 114 113 -1 -1 -1 0 
94 7 133 173 506 306 -1 -1 -1 0 
94 9 0 193 113 114 -1 -1 -1 0 
95 7 106 176 532 303 -1 -1 -1 0 
95 9 0 194 112 114 -1 -1 -1 0 
96 7 130 176 509 303 -1 -1 -1 0 
96 9 0 194 110 113 -1 -1 -1 0 
97 7 141 177 498 302 -1 -1 -1 0 
97 9 0 193 112 115 -1 -1 -1 0 
98 7 221 183 413 296 -1 -1 -1 0 
98 9 0 193 117 117 -1 -1 -1 0 
99 7 63 186 564 293 -1 -1 -1 0 
99 9 0 192 119 117 -1 -1 -1 0 
100 7 92 187 539 292 -1 -1 -1 0 
100 9 0 193 116 117 -1 -1 -1 0 
101 7 61 184 564 295 -1 -1 -1 0 
101 9 0 194 115 116 -1 -1 -1 0 
101 15 231 220 117 124 -1 -1 -1 0 
102 9 0 196 113 116 -1 -1 -1 0 
102 15 232 221 114 122 -1 -1 -1 0 
103 9 0 196 111 118 -1 -1 -1 0 
103 15 232 227 115 124 -1 -1 -1 0 
104 9 0 200 103 123 -1 -1 -1 0 
104 15 236 227 114 126 -1 -1 -1 0 
105 9 0 210 102 125 -1 -1 -1 0 
105 15 238 231 118 126 -1 -1 -1 0 
106 9 0 219 99 123 -1 -1 -1 0 
106 15 242 252 115 127 -1 -1 -1 0 
107 9 0 225 100 122 -1 -1 -1 0 
107 15 240 248 113 123 -1 -1 -1 0 
108 9 0 228 99 123 -1 -1 -1 0 
108 15 260 265 111 115 -1 -1 -1 0 
109 15 265 271 109 113 -1 -1 -1 0 
123 16 492 78 147 198 -1 -1 -1 0 
124 1 2 257 379 222 -1 -1 -1 0 
124 16 493 76 146 200 -1 -1 -1 0 
125 1 0 256 385 223 -1 -1 -1 0 
125 16 487 76 152 210 -1 -1 -1 0 
126 1 0 256 386 223 -1 -1 -1 0 
126 16 464 81 175 209 -1 -1 -1 0 
127 1 0 256 386 223 -1 -1 -1 0 
127 16 466 81 173 208 -1 -1 -1 0 
128 1 3 256 377 223 -1 -1 -1 0 
128 16 468 88 171 206 -1 -1 -1 0 
129 1 2 255 378 224 -1 -1 -1 0 
129 16 460 89 179 204 -1 -1 -1 0 
130 1 3 255 373 224 -1 -1 -1 0 
130 16 466 97 173 200 -1 -1 -1 0 
131 1 1 256 395 223 -1 -1 -1 0 
131 16 465 98 173 200 -1 -1 -1 0 
132 1 0 254 404 225 -1 -1 -1 0 
133 1 1 248 356 231 -1 -1 -1 0 
134 1 2 246 297 233 -1 -1 -1 0 
135 1 0 237 264 242 -1 -1 -1 0 
136 1 0 239 273 238 -1 -1 -1 0 
136 15 428 351 108 87 -1 -1 -1 0 
138 15 398 357 108 87 -1 -1 -1 0 
139 15 400 361 108 85 -1 -1 -1 0 
143 1 0 171 174 305 -1 -1 -1 0 
144 1 3 165 154 311 -1 -1 -1 0 
151 1 0 173 190 305 -1 -1 -1 0 
152 1 0 181 196 298 -1 -1 -1 0 
153 1 0 186 213 292 -1 -1 -1 0 
