3 1 0 74 623 401 -1 -1 -1 0 
4 1 1 76 620 398 -1 -1 -1 0 
5 1 0 73 622 402 -1 -1 -1 0 
6 1 0 74 622 400 -1 -1 -1 0 
7 1 1 74 624 401 -1 -1 -1 0 
8 1 3 70 606 405 -1 -1 -1 0 
9 1 4 56 614 421 -1 -1 -1 0 
10 1 0 66 630 410 -1 -1 -1 0 
11 2 439 230 171 158 -1 -1 -1 0 
12 2 431 235 166 171 -1 -1 -1 0 
13 2 426 238 170 172 -1 -1 -1 0 
14 2 423 240 168 175 -1 -1 -1 0 
15 2 433 183 163 246 -1 -1 -1 0 
16 2 382 124 241 227 -1 -1 -1 0 
17 2 379 121 240 294 -1 -1 -1 0 
18 2 382 118 235 315 -1 -1 -1 0 
19 2 380 115 242 326 -1 -1 -1 0 
20 2 380 114 248 330 -1 -1 -1 0 
21 2 381 114 252 336 -1 -1 -1 0 
22 2 382 114 249 332 -1 -1 -1 0 
23 2 436 116 203 337 -1 -1 -1 0 
24 2 455 111 184 341 -1 -1 -1 0 
25 2 473 111 165 351 -1 -1 -1 0 
26 2 473 110 166 352 -1 -1 -1 0 
27 2 457 108 182 350 -1 -1 -1 0 
28 2 418 107 221 347 -1 -1 -1 0 
29 2 413 107 226 344 -1 -1 -1 0 
30 2 435 138 204 322 -1 -1 -1 0 
31 2 434 138 205 327 -1 -1 -1 0 
33 1 38 103 601 374 -1 -1 -1 0 
33 3 103 107 300 368 -1 -1 -1 0 
34 1 32 104 607 373 -1 -1 -1 0 
34 3 83 106 294 369 -1 -1 -1 0 
35 1 31 104 607 373 -1 -1 -1 0 
35 3 77 112 284 361 -1 -1 -1 0 
36 1 35 106 600 372 -1 -1 -1 0 
36 3 66 111 285 361 -1 -1 -1 0 
37 1 20 107 619 370 -1 -1 -1 0 
37 3 57 113 285 359 -1 -1 -1 0 
38 1 8 108 627 368 -1 -1 -1 0 
38 3 56 113 273 359 -1 -1 -1 0 
39 1 2 105 633 371 -1 -1 -1 0 
39 3 44 113 280 359 -1 -1 -1 0 
40 1 3 105 634 370 -1 -1 -1 0 
40 3 40 107 275 363 -1 -1 -1 0 
41 1 4 116 632 361 -1 -1 -1 0 
41 2 52 223 238 228 -1 -1 -1 0 
42 1 11 115 628 363 -1 -1 -1 0 
42 2 54 228 237 218 -1 -1 -1 0 
43 1 14 115 625 363 -1 -1 -1 0 
43 2 59 229 234 214 -1 -1 -1 0 
44 1 19 114 620 364 -1 -1 -1 0 
44 2 60 228 234 213 -1 -1 -1 0 
45 1 18 114 621 364 -1 -1 -1 0 
45 2 58 232 233 209 -1 -1 -1 0 
46 1 5 117 634 361 -1 -1 -1 0 
46 3 76 200 208 256 -1 -1 -1 0 
47 1 5 117 634 361 -1 -1 -1 0 
47 3 73 207 214 248 -1 -1 -1 0 
48 1 8 117 631 361 -1 -1 -1 0 
48 3 74 212 215 241 -1 -1 -1 0 
49 1 9 116 630 362 -1 -1 -1 0 
49 3 78 213 211 238 -1 -1 -1 0 
50 1 4 116 635 363 -1 -1 -1 0 
50 3 75 213 218 236 -1 -1 -1 0 
51 1 0 120 639 359 -1 -1 -1 0 
51 2 72 171 220 288 -1 -1 -1 0 
52 1 1 122 638 357 -1 -1 -1 0 
52 2 66 161 230 300 -1 -1 -1 0 
53 1 3 118 636 360 -1 -1 -1 0 
53 2 64 157 234 306 -1 -1 -1 0 
54 1 2 118 637 360 -1 -1 -1 0 
54 3 80 195 208 254 -1 -1 -1 0 
55 1 9 116 630 361 -1 -1 -1 0 
55 3 79 197 216 253 -1 -1 -1 0 
56 1 5 116 634 361 -1 -1 -1 0 
56 3 76 206 215 246 -1 -1 -1 0 
57 1 0 113 634 365 -1 -1 -1 0 
57 3 76 196 216 254 -1 -1 -1 0 
58 1 7 116 632 362 -1 -1 -1 0 
58 3 86 200 212 249 -1 -1 -1 0 
59 1 4 117 635 362 -1 -1 -1 0 
59 3 96 200 214 248 -1 -1 -1 0 
60 1 29 113 610 366 -1 -1 -1 0 
60 3 101 201 209 250 -1 -1 -1 0 
61 1 31 113 608 365 -1 -1 -1 0 
61 3 101 200 211 247 -1 -1 -1 0 
62 1 19 114 620 364 -1 -1 -1 0 
62 3 100 210 217 243 -1 -1 -1 0 
63 1 0 116 639 362 -1 -1 -1 0 
64 1 0 111 634 367 -1 -1 -1 0 
65 1 0 111 635 366 -1 -1 -1 0 
66 1 0 109 625 370 -1 -1 -1 0 
67 1 4 109 628 368 -1 -1 -1 0 
67 2 112 43 211 272 -1 -1 -1 0 
67 3 112 75 210 230 -1 -1 -1 0 
68 1 0 132 639 347 -1 -1 -1 0 
69 1 3 117 633 362 -1 -1 -1 0 
70 1 15 116 624 363 -1 -1 -1 0 
71 1 19 117 618 362 -1 -1 -1 0 
72 1 49 130 587 349 -1 -1 -1 0 
73 1 46 134 593 344 -1 -1 -1 0 
74 1 76 136 559 341 -1 -1 -1 0 
75 1 37 132 602 347 -1 -1 -1 0 
76 1 8 119 631 359 -1 -1 -1 0 
77 1 10 109 629 366 -1 -1 -1 0 
78 1 0 98 637 378 -1 -1 -1 0 
78 3 131 102 261 200 -1 -1 -1 0 
79 1 12 100 623 374 -1 -1 -1 0 
79 3 149 99 265 215 -1 -1 -1 0 
80 1 4 100 635 374 -1 -1 -1 0 
80 3 152 100 237 222 -1 -1 -1 0 
81 1 0 102 639 372 -1 -1 -1 0 
81 3 126 105 271 218 -1 -1 -1 0 
82 1 0 105 639 374 -1 -1 -1 0 
82 3 125 106 277 217 -1 -1 -1 0 
83 1 14 110 613 368 -1 -1 -1 0 
84 1 2 105 631 374 -1 -1 -1 0 
85 1 2 101 631 378 -1 -1 -1 0 
85 2 377 118 220 251 -1 -1 -1 0 
86 1 0 100 632 378 -1 -1 -1 0 
86 2 384 138 230 246 -1 -1 -1 0 
87 1 1 101 629 377 -1 -1 -1 0 
87 2 396 137 214 241 -1 -1 -1 0 
88 1 0 101 634 376 -1 -1 -1 0 
88 2 402 137 216 237 -1 -1 -1 0 
89 1 0 101 634 376 -1 -1 -1 0 
89 2 403 136 215 239 -1 -1 -1 0 
90 1 0 101 635 377 -1 -1 -1 0 
90 2 406 137 213 242 -1 -1 -1 0 
91 1 0 102 630 375 -1 -1 -1 0 
91 2 365 153 254 213 -1 -1 -1 0 
91 3 369 154 244 211 -1 -1 -1 0 
92 1 1 103 626 373 -1 -1 -1 0 
92 2 374 158 255 209 -1 -1 -1 0 
93 1 0 104 634 372 -1 -1 -1 0 
93 3 380 156 224 194 -1 -1 -1 0 
94 1 1 104 628 372 -1 -1 -1 0 
94 3 377 156 226 193 -1 -1 -1 0 
95 1 0 104 628 373 -1 -1 -1 0 
95 3 376 155 227 192 -1 -1 -1 0 
96 1 1 104 626 372 -1 -1 -1 0 
96 3 378 152 224 192 -1 -1 -1 0 
97 1 1 102 625 374 -1 -1 -1 0 
97 2 376 125 222 222 -1 -1 -1 0 
98 1 0 101 624 375 -1 -1 -1 0 
98 2 379 125 225 221 -1 -1 -1 0 
99 1 0 102 625 375 -1 -1 -1 0 
99 3 396 140 198 193 -1 -1 -1 0 
100 1 0 103 626 374 -1 -1 -1 0 
100 3 393 141 200 192 -1 -1 -1 0 
101 1 2 100 629 377 -1 -1 -1 0 
101 3 403 144 200 205 -1 -1 -1 0 
102 1 6 98 606 379 -1 -1 -1 0 
103 1 3 82 611 397 -1 -1 -1 0 
104 1 1 86 618 393 -1 -1 -1 0 
105 1 0 97 616 379 -1 -1 -1 0 
106 1 0 100 614 377 -1 -1 -1 0 
107 1 0 103 613 374 -1 -1 -1 0 
108 1 0 102 613 376 -1 -1 -1 0 
109 1 0 101 617 377 -1 -1 -1 0 
110 1 0 89 622 390 -1 -1 -1 0 
111 1 0 88 624 391 -1 -1 -1 0 
112 1 0 87 624 392 -1 -1 -1 0 
113 1 0 97 620 379 -1 -1 -1 0 
114 1 0 97 618 380 -1 -1 -1 0 
115 1 0 90 619 389 -1 -1 -1 0 
116 1 0 99 619 378 -1 -1 -1 0 
117 1 0 101 617 376 -1 -1 -1 0 
118 1 2 89 615 390 -1 -1 -1 0 
119 1 3 83 617 396 -1 -1 -1 0 
