3 1 168 196 471 283 -1 -1 -1 0 
3 2 0 322 167 157 -1 -1 -1 0 
4 1 190 202 448 277 -1 -1 -1 0 
4 2 1 321 164 158 -1 -1 -1 0 
5 1 105 204 534 275 -1 -1 -1 0 
5 2 0 318 197 161 -1 -1 -1 0 
6 1 105 203 531 276 -1 -1 -1 0 
6 2 5 323 154 156 -1 -1 -1 0 
7 1 103 204 530 275 -1 -1 -1 0 
7 2 0 326 170 153 -1 -1 -1 0 
8 1 104 203 530 276 -1 -1 -1 0 
8 2 0 321 204 158 -1 -1 -1 0 
9 1 82 201 557 278 -1 -1 -1 0 
9 2 0 322 207 157 -1 -1 -1 0 
10 1 83 201 556 278 -1 -1 -1 0 
10 2 6 324 161 155 -1 -1 -1 0 
11 1 85 201 554 278 -1 -1 -1 0 
11 2 1 325 166 154 -1 -1 -1 0 
11 5 309 405 114 74 -1 -1 -1 0 
12 2 1 321 163 158 -1 -1 -1 0 
12 5 306 405 118 74 -1 -1 -1 0 
13 2 0 324 159 155 -1 -1 -1 0 
13 5 309 405 115 74 -1 -1 -1 0 
14 2 0 325 159 154 -1 -1 -1 0 
14 5 308 404 115 75 -1 -1 -1 0 
15 2 0 322 166 157 -1 -1 -1 0 
15 5 307 405 116 74 -1 -1 -1 0 
16 2 0 322 171 157 -1 -1 -1 0 
16 5 308 406 115 72 -1 -1 -1 0 
17 2 0 322 172 157 -1 -1 -1 0 
18 2 0 324 175 155 -1 -1 -1 0 
19 2 0 328 175 151 -1 -1 -1 0 
20 2 0 329 196 150 -1 -1 -1 0 
21 2 0 327 226 151 -1 -1 -1 0 
22 2 4 328 200 151 -1 -1 -1 0 
23 2 5 328 191 151 -1 -1 -1 0 
23 6 29 415 93 64 -1 -1 -1 0 
24 2 3 327 213 152 -1 -1 -1 0 
24 5 30 401 101 76 -1 -1 -1 0 
24 6 27 417 91 62 -1 -1 -1 0 
25 2 2 327 230 152 -1 -1 -1 0 
25 5 26 390 96 87 -1 -1 -1 0 
26 2 5 326 237 153 -1 -1 -1 0 
26 5 25 389 98 88 -1 -1 -1 0 
27 2 3 326 243 153 -1 -1 -1 0 
27 5 20 387 97 90 -1 -1 -1 0 
28 2 4 326 247 153 -1 -1 -1 0 
28 5 24 394 92 84 -1 -1 -1 0 
29 5 19 388 96 90 -1 -1 -1 0 
30 5 16 386 98 92 -1 -1 -1 0 
31 5 16 397 115 81 -1 -1 -1 0 
32 2 0 327 218 152 -1 -1 -1 0 
32 5 14 397 117 81 -1 -1 -1 0 
33 2 8 324 166 155 -1 -1 -1 0 
34 2 2 326 147 153 -1 -1 -1 0 
35 2 2 326 117 153 -1 -1 -1 0 
36 2 0 326 148 153 -1 -1 -1 0 
37 2 0 325 152 154 -1 -1 -1 0 
38 2 0 330 144 149 -1 -1 -1 0 
39 2 0 335 157 144 -1 -1 -1 0 
40 2 0 336 157 143 -1 -1 -1 0 
41 5 9 326 104 99 -1 -1 -1 0 
42 5 16 342 101 96 -1 -1 -1 0 
43 5 18 342 100 98 -1 -1 -1 0 
44 5 21 343 100 99 -1 -1 -1 0 
45 5 22 351 102 101 -1 -1 -1 0 
46 5 23 350 102 104 -1 -1 -1 0 
47 2 0 323 164 156 -1 -1 -1 0 
48 2 0 325 166 154 -1 -1 -1 0 
49 2 0 323 166 156 -1 -1 -1 0 
50 2 1 323 159 156 -1 -1 -1 0 
51 2 0 325 159 154 -1 -1 -1 0 
52 2 0 325 159 154 -1 -1 -1 0 
52 5 60 356 99 108 -1 -1 -1 0 
53 5 63 357 99 108 -1 -1 -1 0 
53 6 35 334 100 94 -1 -1 -1 0 
54 6 36 338 99 90 -1 -1 -1 0 
55 6 40 337 101 82 -1 -1 -1 0 
56 5 43 338 101 91 -1 -1 -1 0 
56 6 42 332 100 82 -1 -1 -1 0 
57 5 45 337 99 88 -1 -1 -1 0 
58 5 47 336 98 86 -1 -1 -1 0 
59 2 0 322 171 157 -1 -1 -1 0 
60 2 1 321 157 158 -1 -1 -1 0 
61 2 0 322 163 157 -1 -1 -1 0 
62 2 0 324 161 155 -1 -1 -1 0 
63 2 0 321 166 158 -1 -1 -1 0 
64 2 0 321 162 158 -1 -1 -1 0 
65 2 0 320 162 159 -1 -1 -1 0 
65 5 50 338 118 117 -1 -1 -1 0 
66 5 47 327 109 113 -1 -1 -1 0 
67 5 51 332 109 106 -1 -1 -1 0 
68 5 62 328 108 105 -1 -1 -1 0 
69 5 65 330 110 105 -1 -1 -1 0 
70 5 67 329 112 106 -1 -1 -1 0 
71 2 0 322 165 157 -1 -1 -1 0 
72 2 0 323 163 156 -1 -1 -1 0 
73 2 0 323 169 156 -1 -1 -1 0 
74 2 0 325 168 154 -1 -1 -1 0 
74 10 346 370 113 109 -1 -1 -1 0 
75 2 1 324 159 155 -1 -1 -1 0 
75 10 345 366 121 113 -1 -1 -1 0 
76 2 11 325 118 154 -1 -1 -1 0 
76 10 343 361 126 118 -1 -1 -1 0 
77 2 0 323 147 156 -1 -1 -1 0 
77 10 345 369 135 110 -1 -1 -1 0 
78 1 119 198 519 281 -1 -1 -1 0 
78 2 0 323 150 156 -1 -1 -1 0 
78 10 344 369 134 110 -1 -1 -1 0 
78 11 205 328 189 151 -1 -1 -1 0 
79 1 89 200 546 279 -1 -1 -1 0 
79 2 5 324 121 155 -1 -1 -1 0 
79 10 336 369 144 110 -1 -1 -1 0 
79 11 205 333 188 146 -1 -1 -1 0 
80 1 73 201 566 278 -1 -1 -1 0 
80 2 0 322 154 157 -1 -1 -1 0 
80 10 335 368 147 111 -1 -1 -1 0 
81 1 46 200 586 279 -1 -1 -1 0 
81 2 0 322 165 157 -1 -1 -1 0 
81 10 343 369 136 110 -1 -1 -1 0 
82 1 61 201 563 278 -1 -1 -1 0 
82 2 0 321 163 158 -1 -1 -1 0 
82 10 343 368 134 111 -1 -1 -1 0 
83 1 52 202 579 277 -1 -1 -1 0 
83 2 0 321 167 158 -1 -1 -1 0 
83 10 343 368 132 111 -1 -1 -1 0 
84 1 44 201 587 278 -1 -1 -1 0 
84 2 0 321 167 158 -1 -1 -1 0 
84 10 343 368 131 111 -1 -1 -1 0 
85 1 44 200 588 279 -1 -1 -1 0 
85 2 0 319 198 160 -1 -1 -1 0 
85 10 342 370 134 109 -1 -1 -1 0 
86 1 44 201 586 278 -1 -1 -1 0 
86 2 0 316 200 163 -1 -1 -1 0 
86 10 344 369 128 110 -1 -1 -1 0 
87 1 38 200 600 279 -1 -1 -1 0 
87 2 4 324 163 155 -1 -1 -1 0 
87 10 342 369 130 109 -1 -1 -1 0 
88 1 44 197 595 282 -1 -1 -1 0 
88 2 13 326 117 153 -1 -1 -1 0 
88 5 220 402 140 77 -1 -1 -1 0 
88 10 344 370 127 109 -1 -1 -1 0 
89 1 77 201 562 278 -1 -1 -1 0 
89 2 0 324 157 155 -1 -1 -1 0 
89 5 213 389 128 90 -1 -1 -1 0 
89 10 340 369 131 110 -1 -1 -1 0 
90 1 77 201 562 277 -1 -1 -1 0 
90 2 0 323 165 156 -1 -1 -1 0 
90 5 218 389 125 90 -1 -1 -1 0 
90 10 342 370 127 109 -1 -1 -1 0 
91 1 80 201 559 278 -1 -1 -1 0 
91 2 0 330 167 149 -1 -1 -1 0 
91 5 220 388 124 91 -1 -1 -1 0 
91 10 342 369 125 109 -1 -1 -1 0 
92 1 90 201 549 278 -1 -1 -1 0 
92 2 0 327 170 152 -1 -1 -1 0 
92 5 222 388 127 91 -1 -1 -1 0 
92 10 344 370 126 109 -1 -1 -1 0 
93 1 79 201 560 278 -1 -1 -1 0 
93 2 0 327 161 152 -1 -1 -1 0 
93 5 226 387 125 92 -1 -1 -1 0 
93 10 345 370 126 109 -1 -1 -1 0 
94 1 56 198 581 281 -1 -1 -1 0 
94 2 0 327 166 152 -1 -1 -1 0 
94 5 210 386 118 93 -1 -1 -1 0 
94 10 334 370 138 109 -1 -1 -1 0 
95 1 82 203 550 276 -1 -1 -1 0 
95 2 0 327 163 152 -1 -1 -1 0 
95 5 213 387 120 92 -1 -1 -1 0 
96 1 87 201 546 278 -1 -1 -1 0 
96 2 0 320 164 159 -1 -1 -1 0 
96 10 351 368 138 111 -1 -1 -1 0 
97 1 61 201 559 278 -1 -1 -1 0 
97 2 0 322 177 157 -1 -1 -1 0 
97 10 349 368 129 111 -1 -1 -1 0 
98 1 60 201 562 278 -1 -1 -1 0 
98 2 0 320 206 159 -1 -1 -1 0 
98 10 348 368 128 111 -1 -1 -1 0 
99 1 74 199 536 280 -1 -1 -1 0 
99 2 1 324 200 155 -1 -1 -1 0 
99 10 354 366 129 112 -1 -1 -1 0 
100 1 48 198 574 281 -1 -1 -1 0 
100 2 0 324 205 155 -1 -1 -1 0 
100 5 155 363 115 116 -1 -1 -1 0 
100 10 346 366 142 113 -1 -1 -1 0 
101 1 44 206 569 273 -1 -1 -1 0 
101 5 166 365 115 114 -1 -1 -1 0 
101 10 338 378 131 101 -1 -1 -1 0 
102 1 67 208 534 271 -1 -1 -1 0 
102 5 169 362 112 117 -1 -1 -1 0 
102 10 337 379 131 100 -1 -1 -1 0 
103 1 62 209 545 270 -1 -1 -1 0 
103 5 166 361 114 118 -1 -1 -1 0 
103 10 337 375 132 104 -1 -1 -1 0 
104 1 64 205 542 274 -1 -1 -1 0 
104 5 163 360 116 119 -1 -1 -1 0 
105 1 97 207 532 272 -1 -1 -1 0 
105 2 1 323 158 156 -1 -1 -1 0 
105 5 163 359 115 120 -1 -1 -1 0 
106 1 69 201 544 278 -1 -1 -1 0 
106 2 0 321 164 158 -1 -1 -1 0 
106 10 346 372 128 107 -1 -1 -1 0 
107 1 70 200 542 279 -1 -1 -1 0 
107 2 1 318 156 161 -1 -1 -1 0 
107 10 345 373 133 106 -1 -1 -1 0 
108 1 90 199 507 280 -1 -1 -1 0 
108 2 0 318 168 161 -1 -1 -1 0 
108 10 348 372 138 107 -1 -1 -1 0 
109 1 94 199 531 280 -1 -1 -1 0 
109 2 0 319 165 160 -1 -1 -1 0 
109 10 350 373 143 106 -1 -1 -1 0 
110 1 102 199 525 280 -1 -1 -1 0 
110 2 0 318 168 161 -1 -1 -1 0 
110 10 356 373 130 106 -1 -1 -1 0 
111 1 78 198 558 281 -1 -1 -1 0 
111 2 0 319 169 160 -1 -1 -1 0 
112 1 122 197 485 282 -1 -1 -1 0 
112 2 0 318 200 161 -1 -1 -1 0 
113 1 104 195 533 284 -1 -1 -1 0 
113 2 3 319 173 160 -1 -1 -1 0 
114 1 99 194 540 285 -1 -1 -1 0 
114 2 0 320 203 159 -1 -1 -1 0 
115 1 178 196 457 283 -1 -1 -1 0 
115 2 0 318 203 161 -1 -1 -1 0 
116 1 168 196 471 283 -1 -1 -1 0 
116 2 0 318 207 161 -1 -1 -1 0 
117 1 181 195 456 284 -1 -1 -1 0 
117 2 0 318 205 161 -1 -1 -1 0 
118 1 177 194 461 285 -1 -1 -1 0 
118 2 0 320 205 159 -1 -1 -1 0 
119 1 168 194 471 285 -1 -1 -1 0 
119 2 4 321 175 158 -1 -1 -1 0 
120 1 158 194 481 285 -1 -1 -1 0 
120 2 0 317 200 162 -1 -1 -1 0 
121 1 55 195 584 284 -1 -1 -1 0 
121 2 3 319 171 160 -1 -1 -1 0 
122 1 87 196 547 283 -1 -1 -1 0 
122 2 1 319 171 160 -1 -1 -1 0 
123 1 87 196 549 283 -1 -1 -1 0 
123 2 0 320 205 159 -1 -1 -1 0 
124 1 82 196 553 283 -1 -1 -1 0 
124 2 0 319 206 160 -1 -1 -1 0 
125 1 82 196 551 283 -1 -1 -1 0 
125 2 6 317 169 162 -1 -1 -1 0 
126 1 89 196 543 283 -1 -1 -1 0 
126 2 2 317 167 162 -1 -1 -1 0 
127 1 94 196 542 283 -1 -1 -1 0 
127 2 0 327 160 152 -1 -1 -1 0 
128 1 99 196 539 283 -1 -1 -1 0 
128 2 0 322 160 157 -1 -1 -1 0 
129 1 95 196 543 283 -1 -1 -1 0 
129 2 0 319 167 160 -1 -1 -1 0 
130 1 101 196 534 283 -1 -1 -1 0 
130 2 0 319 168 160 -1 -1 -1 0 
131 1 100 195 533 284 -1 -1 -1 0 
131 2 0 321 163 158 -1 -1 -1 0 
132 1 90 195 548 284 -1 -1 -1 0 
132 2 0 322 163 157 -1 -1 -1 0 
133 1 86 195 549 284 -1 -1 -1 0 
133 2 0 320 160 159 -1 -1 -1 0 
134 1 151 194 487 285 -1 -1 -1 0 
135 1 78 193 561 286 -1 -1 -1 0 
135 5 226 385 125 94 -1 -1 -1 0 
136 1 77 192 562 287 -1 -1 -1 0 
136 5 224 387 123 92 -1 -1 -1 0 
137 1 93 192 546 287 -1 -1 -1 0 
137 5 228 387 119 92 -1 -1 -1 0 
138 1 91 192 548 287 -1 -1 -1 0 
138 5 233 386 118 93 -1 -1 -1 0 
139 1 40 192 596 287 -1 -1 -1 0 
139 5 235 386 119 93 -1 -1 -1 0 
140 1 85 193 551 286 -1 -1 -1 0 
140 2 0 318 205 161 -1 -1 -1 0 
141 1 95 193 539 286 -1 -1 -1 0 
141 2 0 319 206 160 -1 -1 -1 0 
142 1 96 192 539 287 -1 -1 -1 0 
142 2 0 319 213 160 -1 -1 -1 0 
143 1 107 194 526 285 -1 -1 -1 0 
143 2 0 318 215 161 -1 -1 -1 0 
144 1 102 194 532 285 -1 -1 -1 0 
144 2 2 314 204 165 -1 -1 -1 0 
145 1 98 194 538 285 -1 -1 -1 0 
145 2 6 314 168 165 -1 -1 -1 0 
146 1 60 190 573 289 -1 -1 -1 0 
146 2 7 314 166 165 -1 -1 -1 0 
147 1 72 187 567 292 -1 -1 -1 0 
147 2 6 321 118 158 -1 -1 -1 0 
148 1 41 188 598 287 -1 -1 -1 0 
148 2 0 321 148 158 -1 -1 -1 0 
148 5 232 279 135 175 -1 -1 -1 0 
149 1 38 189 601 287 -1 -1 -1 0 
149 2 0 320 149 159 -1 -1 -1 0 
149 5 233 277 134 173 -1 -1 -1 0 
150 1 83 185 555 293 -1 -1 -1 0 
150 2 0 321 158 158 -1 -1 -1 0 
150 5 234 277 137 171 -1 -1 -1 0 
151 1 78 184 561 294 -1 -1 -1 0 
151 2 0 317 205 162 -1 -1 -1 0 
151 5 238 277 132 178 -1 -1 -1 0 
152 1 60 180 563 299 -1 -1 -1 0 
152 2 3 324 156 155 -1 -1 -1 0 
152 5 238 281 132 169 -1 -1 -1 0 
153 1 54 185 583 294 -1 -1 -1 0 
153 2 12 324 108 155 -1 -1 -1 0 
153 5 226 304 143 174 -1 -1 -1 0 
154 1 49 189 590 290 -1 -1 -1 0 
154 2 0 321 157 158 -1 -1 -1 0 
155 1 87 190 550 289 -1 -1 -1 0 
155 2 0 320 161 159 -1 -1 -1 0 
156 1 91 190 547 289 -1 -1 -1 0 
156 2 0 320 170 159 -1 -1 -1 0 
157 1 92 191 543 288 -1 -1 -1 0 
157 2 0 319 169 160 -1 -1 -1 0 
158 1 152 177 480 302 -1 -1 -1 0 
158 2 2 321 155 158 -1 -1 -1 0 
159 1 147 182 492 297 -1 -1 -1 0 
159 2 0 320 160 159 -1 -1 -1 0 
160 2 0 320 161 159 -1 -1 -1 0 
160 20 428 225 206 183 -1 -1 -1 0 
161 2 0 319 164 160 -1 -1 -1 0 
161 20 416 205 219 184 -1 -1 -1 0 
162 2 0 318 160 161 -1 -1 -1 0 
162 20 425 185 212 186 -1 -1 -1 0 
163 2 0 319 155 160 -1 -1 -1 0 
163 20 426 195 210 188 -1 -1 -1 0 
164 2 0 319 168 160 -1 -1 -1 0 
164 20 427 199 211 188 -1 -1 -1 0 
165 2 0 319 167 160 -1 -1 -1 0 
165 20 422 228 212 197 -1 -1 -1 0 
166 2 0 318 198 161 -1 -1 -1 0 
166 20 418 234 212 196 -1 -1 -1 0 
167 2 3 318 157 161 -1 -1 -1 0 
168 2 0 318 170 161 -1 -1 -1 0 
169 2 0 317 166 162 -1 -1 -1 0 
170 2 0 318 167 161 -1 -1 -1 0 
171 2 1 316 159 163 -1 -1 -1 0 
172 2 0 317 165 162 -1 -1 -1 0 
173 2 0 319 169 160 -1 -1 -1 0 
174 2 0 319 170 160 -1 -1 -1 0 
175 2 0 319 169 160 -1 -1 -1 0 
176 2 1 319 161 160 -1 -1 -1 0 
177 2 0 319 157 160 -1 -1 -1 0 
178 2 0 319 166 160 -1 -1 -1 0 
179 2 0 319 199 160 -1 -1 -1 0 
180 2 3 319 166 160 -1 -1 -1 0 
181 2 1 319 166 160 -1 -1 -1 0 
182 2 0 319 169 160 -1 -1 -1 0 
183 2 0 319 167 160 -1 -1 -1 0 
184 2 0 319 167 160 -1 -1 -1 0 
185 2 0 318 167 161 -1 -1 -1 0 
186 2 0 318 163 161 -1 -1 -1 0 
187 2 0 311 193 168 -1 -1 -1 0 
188 2 2 312 209 166 -1 -1 -1 0 
189 2 0 322 218 157 -1 -1 -1 0 
189 20 84 360 95 119 -1 -1 -1 0 
190 2 2 321 219 158 -1 -1 -1 0 
190 20 98 360 96 119 -1 -1 -1 0 
191 2 1 321 213 158 -1 -1 -1 0 
191 20 90 361 95 118 -1 -1 -1 0 
192 2 0 319 215 160 -1 -1 -1 0 
192 20 85 362 95 117 -1 -1 -1 0 
193 2 0 319 217 160 -1 -1 -1 0 
193 20 85 361 91 117 -1 -1 -1 0 
194 2 0 319 211 160 -1 -1 -1 0 
194 20 85 362 93 117 -1 -1 -1 0 
195 2 0 319 218 160 -1 -1 -1 0 
195 20 84 363 95 116 -1 -1 -1 0 
196 2 1 319 216 160 -1 -1 -1 0 
196 20 89 357 96 121 -1 -1 -1 0 
197 2 0 312 239 167 -1 -1 -1 0 
197 20 105 311 96 125 -1 -1 -1 0 
198 2 1 293 233 186 -1 -1 -1 0 
198 20 113 285 99 122 -1 -1 -1 0 
199 2 1 299 233 180 -1 -1 -1 0 
199 20 112 293 99 124 -1 -1 -1 0 
200 2 0 310 242 169 -1 -1 -1 0 
200 20 113 297 99 126 -1 -1 -1 0 
201 2 1 309 237 170 -1 -1 -1 0 
201 20 108 300 100 133 -1 -1 -1 0 
202 2 0 308 241 171 -1 -1 -1 0 
202 20 109 297 100 135 -1 -1 -1 0 
203 2 5 317 171 162 -1 -1 -1 0 
203 23 75 319 108 160 -1 -1 -1 0 
204 2 1 318 164 161 -1 -1 -1 0 
205 2 0 319 170 160 -1 -1 -1 0 
206 2 0 318 171 161 -1 -1 -1 0 
207 2 0 318 164 161 -1 -1 -1 0 
208 2 0 318 158 161 -1 -1 -1 0 
209 2 0 318 161 161 -1 -1 -1 0 
210 2 0 318 164 161 -1 -1 -1 0 
