28 3 270 266 189 213 -1 -1 -1 0 
29 3 272 267 189 212 -1 -1 -1 0 
30 3 272 267 192 212 -1 -1 -1 0 
31 3 279 267 184 212 -1 -1 -1 0 
32 3 281 268 184 211 -1 -1 -1 0 
33 3 282 268 186 211 -1 -1 -1 0 
34 3 293 268 177 211 -1 -1 -1 0 
35 3 318 261 165 217 -1 -1 -1 0 
36 3 322 260 167 219 -1 -1 -1 0 
37 1 296 134 343 345 -1 -1 -1 0 
37 3 322 256 173 219 -1 -1 -1 0 
38 1 305 133 334 346 -1 -1 -1 0 
38 3 324 257 170 222 -1 -1 -1 0 
39 1 304 134 335 345 -1 -1 -1 0 
39 3 324 256 173 219 -1 -1 -1 0 
40 1 300 134 339 345 -1 -1 -1 0 
40 3 325 257 172 217 -1 -1 -1 0 
41 1 312 135 327 344 -1 -1 -1 0 
41 3 328 257 169 218 -1 -1 -1 0 
42 1 310 135 329 344 -1 -1 -1 0 
42 3 327 256 171 220 -1 -1 -1 0 
43 1 305 134 334 345 -1 -1 -1 0 
43 3 326 256 171 220 -1 -1 -1 0 
44 1 55 113 584 364 -1 -1 -1 0 
44 3 332 288 148 191 -1 -1 -1 0 
45 1 287 126 348 353 -1 -1 -1 0 
45 3 335 291 145 188 -1 -1 -1 0 
46 1 302 125 337 354 -1 -1 -1 0 
47 1 297 127 342 352 -1 -1 -1 0 
48 1 294 128 345 351 -1 -1 -1 0 
49 1 289 125 350 354 -1 -1 -1 0 
50 1 289 127 350 352 -1 -1 -1 0 
51 1 289 128 350 351 -1 -1 -1 0 
52 1 295 126 344 353 -1 -1 -1 0 
53 1 297 127 342 352 -1 -1 -1 0 
53 3 397 352 165 127 -1 -1 -1 0 
54 1 239 140 400 339 -1 -1 -1 0 
54 3 405 358 161 121 -1 -1 -1 0 
55 1 266 140 371 338 -1 -1 -1 0 
56 1 264 141 375 336 -1 -1 -1 0 
56 7 300 200 157 216 -1 -1 -1 0 
57 1 256 140 383 338 -1 -1 -1 0 
57 7 297 197 158 216 -1 -1 -1 0 
58 1 260 140 377 339 -1 -1 -1 0 
58 7 297 196 158 217 -1 -1 -1 0 
59 1 222 141 416 333 -1 -1 -1 0 
59 7 285 200 170 213 -1 -1 -1 0 
60 1 209 136 429 340 -1 -1 -1 0 
60 7 283 208 168 208 -1 -1 -1 0 
61 1 209 138 430 339 -1 -1 -1 0 
61 7 283 210 166 210 -1 -1 -1 0 
62 1 212 136 427 342 -1 -1 -1 0 
62 7 282 209 168 211 -1 -1 -1 0 
63 1 207 136 432 341 -1 -1 -1 0 
63 7 283 208 168 210 -1 -1 -1 0 
64 1 234 137 405 339 -1 -1 -1 0 
64 7 289 205 162 215 -1 -1 -1 0 
65 1 261 132 377 347 -1 -1 -1 0 
65 7 294 210 164 201 -1 -1 -1 0 
66 1 267 132 371 347 -1 -1 -1 0 
66 7 300 207 153 211 -1 -1 -1 0 
67 1 266 129 371 350 -1 -1 -1 0 
67 7 298 213 158 201 -1 -1 -1 0 
68 1 228 116 411 363 -1 -1 -1 0 
68 7 290 209 148 201 -1 -1 -1 0 
69 1 183 114 456 365 -1 -1 -1 0 
69 7 244 197 149 209 -1 -1 -1 0 
70 1 113 124 526 351 -1 -1 -1 0 
70 7 231 207 163 201 -1 -1 -1 0 
71 1 100 115 539 363 -1 -1 -1 0 
71 7 227 200 147 211 -1 -1 -1 0 
72 1 45 116 594 362 -1 -1 -1 0 
72 3 248 351 137 123 -1 -1 -1 0 
72 7 219 199 148 212 -1 -1 -1 0 
73 1 44 109 595 369 -1 -1 -1 0 
73 3 239 350 137 124 -1 -1 -1 0 
74 1 44 113 595 364 -1 -1 -1 0 
75 1 36 122 603 357 -1 -1 -1 0 
76 1 47 122 591 357 -1 -1 -1 0 
77 1 61 123 573 356 -1 -1 -1 0 
78 1 84 119 554 360 -1 -1 -1 0 
79 1 134 116 498 363 -1 -1 -1 0 
80 1 32 117 600 362 -1 -1 -1 0 
81 1 41 118 591 361 -1 -1 -1 0 
82 1 98 118 534 361 -1 -1 -1 0 
83 1 92 113 547 366 -1 -1 -1 0 
84 1 107 115 532 364 -1 -1 -1 0 
85 1 158 121 478 358 -1 -1 -1 0 
86 1 105 119 534 360 -1 -1 -1 0 
87 1 104 119 535 360 -1 -1 -1 0 
88 1 90 117 549 362 -1 -1 -1 0 
89 1 87 117 552 362 -1 -1 -1 0 
90 1 48 108 590 371 -1 -1 -1 0 
91 1 79 108 558 371 -1 -1 -1 0 
92 1 80 108 559 371 -1 -1 -1 0 
93 1 77 109 562 370 -1 -1 -1 0 
94 1 82 108 557 371 -1 -1 -1 0 
95 1 85 107 554 372 -1 -1 -1 0 
96 1 84 106 555 373 -1 -1 -1 0 
97 1 154 98 471 381 -1 -1 -1 0 
98 1 98 108 541 371 -1 -1 -1 0 
99 1 44 116 595 363 -1 -1 -1 0 
100 1 45 119 592 360 -1 -1 -1 0 
101 1 43 121 583 358 -1 -1 -1 0 
102 1 74 113 552 366 -1 -1 -1 0 
103 1 8 104 577 375 -1 -1 -1 0 
104 1 0 88 582 391 -1 -1 -1 0 
105 1 0 79 598 400 -1 -1 -1 0 
106 1 3 72 585 404 -1 -1 -1 0 
107 1 6 67 585 408 -1 -1 -1 0 
108 1 2 69 592 405 -1 -1 -1 0 
109 1 2 68 595 408 -1 -1 -1 0 
110 1 7 70 584 407 -1 -1 -1 0 
111 1 6 68 586 408 -1 -1 -1 0 
112 1 7 64 589 412 -1 -1 -1 0 
