3 1 43 182 573 297 -1 -1 -1 0 
4 1 41 182 576 297 -1 -1 -1 0 
5 1 33 180 584 299 -1 -1 -1 0 
6 1 23 180 597 299 -1 -1 -1 0 
7 1 0 180 637 299 -1 -1 -1 0 
8 1 7 177 625 302 -1 -1 -1 0 
9 2 165 294 135 148 -1 -1 -1 0 
10 2 162 299 136 150 -1 -1 -1 0 
11 2 162 305 134 147 -1 -1 -1 0 
12 2 163 306 133 147 -1 -1 -1 0 
13 2 166 273 132 184 -1 -1 -1 0 
14 2 147 223 186 245 -1 -1 -1 0 
15 2 145 213 182 258 -1 -1 -1 0 
16 2 141 230 164 241 -1 -1 -1 0 
17 2 90 268 167 211 -1 -1 -1 0 
18 2 79 266 173 213 -1 -1 -1 0 
24 1 44 177 595 302 -1 -1 -1 0 
24 3 410 226 205 245 -1 -1 -1 0 
25 1 43 177 596 302 -1 -1 -1 0 
25 3 411 224 202 246 -1 -1 -1 0 
26 1 65 179 574 300 -1 -1 -1 0 
26 3 412 226 201 243 -1 -1 -1 0 
27 1 35 180 602 299 -1 -1 -1 0 
27 3 458 306 154 171 -1 -1 -1 0 
28 1 30 181 586 298 -1 -1 -1 0 
29 1 29 181 588 298 -1 -1 -1 0 
30 1 27 179 591 300 -1 -1 -1 0 
31 1 37 178 578 301 -1 -1 -1 0 
32 1 31 177 589 302 -1 -1 -1 0 
33 1 28 177 591 302 -1 -1 -1 0 
34 1 37 177 580 302 -1 -1 -1 0 
35 1 35 176 584 303 -1 -1 -1 0 
36 1 32 177 585 302 -1 -1 -1 0 
