3 1 15 91 624 388 -1 -1 -1 0 
4 1 15 91 624 388 -1 -1 -1 0 
5 1 14 92 625 387 -1 -1 -1 0 
6 1 11 92 628 387 -1 -1 -1 0 
7 1 12 92 627 387 -1 -1 -1 0 
8 1 10 91 629 388 -1 -1 -1 0 
9 1 7 94 625 384 -1 -1 -1 0 
10 1 0 68 639 409 -1 -1 -1 0 
11 1 6 79 633 398 -1 -1 -1 0 
11 2 410 123 229 271 -1 -1 -1 0 
12 1 6 81 633 397 -1 -1 -1 0 
12 2 410 121 229 276 -1 -1 -1 0 
13 1 12 81 627 398 -1 -1 -1 0 
13 2 410 120 229 272 -1 -1 -1 0 
14 1 12 80 627 399 -1 -1 -1 0 
14 2 410 112 224 288 -1 -1 -1 0 
15 1 8 92 631 387 -1 -1 -1 0 
15 2 447 209 189 192 -1 -1 -1 0 
16 1 5 103 599 374 -1 -1 -1 0 
17 1 6 133 579 346 -1 -1 -1 0 
18 1 8 147 574 332 -1 -1 -1 0 
19 1 0 169 619 309 -1 -1 -1 0 
20 1 25 176 614 303 -1 -1 -1 0 
21 1 84 191 554 288 -1 -1 -1 0 
25 1 155 206 482 273 -1 -1 -1 0 
26 1 11 231 407 248 -1 -1 -1 0 
27 1 0 239 419 240 -1 -1 -1 0 
28 1 0 186 603 293 -1 -1 -1 0 
29 1 35 188 589 291 -1 -1 -1 0 
30 1 47 187 576 292 -1 -1 -1 0 
31 1 30 186 597 293 -1 -1 -1 0 
32 1 32 187 596 292 -1 -1 -1 0 
33 1 26 189 599 290 -1 -1 -1 0 
34 1 1 186 618 293 -1 -1 -1 0 
35 1 2 189 616 290 -1 -1 -1 0 
36 1 0 181 615 298 -1 -1 -1 0 
37 1 11 231 362 248 -1 -1 -1 0 
38 1 28 201 579 278 -1 -1 -1 0 
39 1 96 213 530 266 -1 -1 -1 0 
40 1 113 216 526 263 -1 -1 -1 0 
42 1 105 210 531 269 -1 -1 -1 0 
43 1 97 138 535 341 -1 -1 -1 0 
44 1 3 13 600 466 -1 -1 -1 0 
45 1 10 0 607 477 -1 -1 -1 0 
46 2 270 20 188 241 -1 -1 -1 0 
47 1 20 11 616 467 -1 -1 -1 0 
48 1 47 16 584 462 -1 -1 -1 0 
49 1 114 44 514 430 -1 -1 -1 0 
50 1 114 71 519 399 -1 -1 -1 0 
51 1 160 99 479 378 -1 -1 -1 0 
52 1 225 116 414 363 -1 -1 -1 0 
53 1 166 130 473 349 -1 -1 -1 0 
54 1 232 137 406 342 -1 -1 -1 0 
55 1 299 158 340 321 -1 -1 -1 0 
56 1 313 175 326 304 -1 -1 -1 0 
57 1 328 183 311 296 -1 -1 -1 0 
58 1 326 186 313 293 -1 -1 -1 0 
59 1 328 185 311 294 -1 -1 -1 0 
60 1 321 201 318 278 -1 -1 -1 0 
61 1 339 213 300 266 -1 -1 -1 0 
62 1 313 217 326 261 -1 -1 -1 0 
63 1 317 220 321 259 -1 -1 -1 0 
64 1 329 220 310 259 -1 -1 -1 0 
65 1 318 221 321 258 -1 -1 -1 0 
66 1 315 220 324 259 -1 -1 -1 0 
67 1 329 223 310 256 -1 -1 -1 0 
68 1 294 227 345 252 -1 -1 -1 0 
69 1 285 228 354 251 -1 -1 -1 0 
70 1 292 227 347 252 -1 -1 -1 0 
71 1 296 229 343 250 -1 -1 -1 0 
72 1 336 229 303 250 -1 -1 -1 0 
75 1 347 231 292 248 -1 -1 -1 0 
76 1 319 231 320 248 -1 -1 -1 0 
77 1 336 233 303 246 -1 -1 -1 0 
78 1 321 232 318 247 -1 -1 -1 0 
79 1 322 233 317 246 -1 -1 -1 0 
83 1 315 228 324 251 -1 -1 -1 0 
84 1 334 230 305 249 -1 -1 -1 0 
85 1 312 227 327 252 -1 -1 -1 0 
86 1 334 229 305 250 -1 -1 -1 0 
87 1 321 230 318 249 -1 -1 -1 0 
88 1 306 230 333 249 -1 -1 -1 0 
89 1 311 236 328 243 -1 -1 -1 0 
90 1 290 239 349 240 -1 -1 -1 0 
93 1 268 234 371 245 -1 -1 -1 0 
94 1 291 204 348 275 -1 -1 -1 0 
95 1 333 193 305 286 -1 -1 -1 0 
96 1 321 204 318 275 -1 -1 -1 0 
97 1 312 209 327 270 -1 -1 -1 0 
98 1 319 216 319 263 -1 -1 -1 0 
99 1 323 216 314 263 -1 -1 -1 0 
100 1 331 218 308 261 -1 -1 -1 0 
101 1 328 219 311 260 -1 -1 -1 0 
102 1 332 219 307 260 -1 -1 -1 0 
103 1 338 219 301 260 -1 -1 -1 0 
104 1 335 218 304 261 -1 -1 -1 0 
105 1 339 217 300 262 -1 -1 -1 0 
106 1 345 218 294 261 -1 -1 -1 0 
107 1 348 221 291 258 -1 -1 -1 0 
108 1 344 224 295 255 -1 -1 -1 0 
109 1 342 228 297 251 -1 -1 -1 0 
110 1 346 230 293 249 -1 -1 -1 0 
111 1 346 230 293 249 -1 -1 -1 0 
112 1 339 230 300 249 -1 -1 -1 0 
113 1 339 231 300 248 -1 -1 -1 0 
114 1 344 221 295 258 -1 -1 -1 0 
115 1 343 217 296 262 -1 -1 -1 0 
116 1 343 216 296 263 -1 -1 -1 0 
117 1 326 199 313 280 -1 -1 -1 0 
118 1 324 196 315 283 -1 -1 -1 0 
119 1 238 134 400 345 -1 -1 -1 0 
120 1 227 125 411 353 -1 -1 -1 0 
122 1 184 4 454 475 -1 -1 -1 0 
123 1 37 0 602 475 -1 -1 -1 0 
124 1 39 0 593 478 -1 -1 -1 0 
125 1 34 89 605 385 -1 -1 -1 0 
126 1 85 116 554 363 -1 -1 -1 0 
127 1 93 128 546 351 -1 -1 -1 0 
128 1 88 112 551 367 -1 -1 -1 0 
129 1 89 111 550 368 -1 -1 -1 0 
130 1 33 117 606 362 -1 -1 -1 0 
131 1 9 111 630 366 -1 -1 -1 0 
132 1 11 113 628 366 -1 -1 -1 0 
133 1 7 115 632 364 -1 -1 -1 0 
134 1 18 117 621 362 -1 -1 -1 0 
135 1 20 111 609 368 -1 -1 -1 0 
