12 1 95 198 537 281 -1 -1 -1 0 
12 2 71 280 190 197 -1 -1 -1 0 
13 1 98 200 536 279 -1 -1 -1 0 
13 2 69 281 188 195 -1 -1 -1 0 
14 1 147 201 489 278 -1 -1 -1 0 
14 2 75 274 182 200 -1 -1 -1 0 
15 1 55 190 578 289 -1 -1 -1 0 
15 2 88 274 200 203 -1 -1 -1 0 
16 2 81 393 174 86 -1 -1 -1 0 
17 2 99 414 138 65 -1 -1 -1 0 
26 4 161 334 115 125 -1 -1 -1 0 
27 4 167 333 111 126 -1 -1 -1 0 
28 4 168 333 110 126 -1 -1 -1 0 
29 4 169 332 110 128 -1 -1 -1 0 
30 4 168 332 110 131 -1 -1 -1 0 
31 4 165 331 114 133 -1 -1 -1 0 
32 4 145 333 124 143 -1 -1 -1 0 
33 4 141 332 126 146 -1 -1 -1 0 
42 1 161 138 478 341 -1 -1 -1 0 
42 5 402 100 228 193 -1 -1 -1 0 
43 1 163 133 476 346 -1 -1 -1 0 
43 5 400 99 225 195 -1 -1 -1 0 
44 1 157 132 482 347 -1 -1 -1 0 
44 5 393 102 234 194 -1 -1 -1 0 
45 1 155 148 484 331 -1 -1 -1 0 
45 5 393 111 231 185 -1 -1 -1 0 
46 1 144 197 492 282 -1 -1 -1 0 
47 1 136 203 499 276 -1 -1 -1 0 
48 1 109 204 525 275 -1 -1 -1 0 
49 1 117 205 513 274 -1 -1 -1 0 
50 1 127 205 498 274 -1 -1 -1 0 
51 1 129 205 496 274 -1 -1 -1 0 
52 1 123 204 504 275 -1 -1 -1 0 
53 1 126 205 496 274 -1 -1 -1 0 
54 1 130 205 487 274 -1 -1 -1 0 
55 1 122 205 503 274 -1 -1 -1 0 
56 1 125 205 499 274 -1 -1 -1 0 
57 1 127 205 499 274 -1 -1 -1 0 
58 1 122 204 505 275 -1 -1 -1 0 
59 1 124 204 499 275 -1 -1 -1 0 
60 1 130 204 490 275 -1 -1 -1 0 
61 1 127 204 497 275 -1 -1 -1 0 
62 1 126 204 499 275 -1 -1 -1 0 
63 1 124 205 503 274 -1 -1 -1 0 
64 1 124 206 502 273 -1 -1 -1 0 
65 1 131 205 488 274 -1 -1 -1 0 
66 1 132 205 483 274 -1 -1 -1 0 
67 1 118 205 507 274 -1 -1 -1 0 
68 1 121 205 508 274 -1 -1 -1 0 
69 1 105 208 528 271 -1 -1 -1 0 
70 1 109 209 522 270 -1 -1 -1 0 
71 1 105 210 527 269 -1 -1 -1 0 
72 5 528 235 111 119 -1 -1 -1 0 
73 5 534 240 105 117 -1 -1 -1 0 
75 6 501 102 135 112 -1 -1 -1 0 
76 6 495 108 140 113 -1 -1 -1 0 
77 6 498 116 141 118 -1 -1 -1 0 
78 6 498 118 141 118 -1 -1 -1 0 
79 6 510 130 129 132 -1 -1 -1 0 
80 6 510 135 129 136 -1 -1 -1 0 
121 7 7 341 176 138 -1 -1 -1 0 
122 7 5 357 152 122 -1 -1 -1 0 
123 7 3 368 149 111 -1 -1 -1 0 
124 7 5 368 149 111 -1 -1 -1 0 
125 7 7 364 150 115 -1 -1 -1 0 
126 7 8 366 144 113 -1 -1 -1 0 
129 9 1 279 154 179 -1 -1 -1 0 
130 9 1 282 155 179 -1 -1 -1 0 
131 9 3 288 155 182 -1 -1 -1 0 
132 9 3 292 157 183 -1 -1 -1 0 
133 9 1 338 146 141 -1 -1 -1 0 
134 9 3 348 141 131 -1 -1 -1 0 
148 1 300 174 339 305 -1 -1 -1 0 
148 11 590 173 49 163 -1 -1 -1 0 
149 1 334 177 305 302 -1 -1 -1 0 
149 11 587 168 52 147 -1 -1 -1 0 
150 1 347 183 292 296 -1 -1 -1 0 
150 11 548 184 91 203 -1 -1 -1 0 
151 1 354 187 283 292 -1 -1 -1 0 
151 11 525 189 114 203 -1 -1 -1 0 
152 1 350 186 289 292 -1 -1 -1 0 
152 8 0 327 400 152 -1 -1 -1 0 
152 11 548 201 91 197 -1 -1 -1 0 
152 12 547 204 92 195 -1 -1 -1 0 
153 1 338 180 301 298 -1 -1 -1 0 
153 8 1 329 358 150 -1 -1 -1 0 
153 11 541 208 98 204 -1 -1 -1 0 
154 1 351 167 286 312 -1 -1 -1 0 
154 8 0 329 362 150 -1 -1 -1 0 
154 12 556 214 83 211 -1 -1 -1 0 
155 1 302 180 337 299 -1 -1 -1 0 
155 8 0 327 404 152 -1 -1 -1 0 
155 12 559 221 80 213 -1 -1 -1 0 
156 1 305 180 334 299 -1 -1 -1 0 
156 8 1 328 365 151 -1 -1 -1 0 
157 1 305 175 334 304 -1 -1 -1 0 
157 8 0 330 356 149 -1 -1 -1 0 
158 1 298 173 341 306 -1 -1 -1 0 
158 8 0 330 357 149 -1 -1 -1 0 
159 1 296 172 343 307 -1 -1 -1 0 
159 8 0 329 364 150 -1 -1 -1 0 
160 1 291 171 348 308 -1 -1 -1 0 
160 8 1 329 353 150 -1 -1 -1 0 
161 1 298 170 341 309 -1 -1 -1 0 
161 8 0 330 354 149 -1 -1 -1 0 
162 1 301 169 338 310 -1 -1 -1 0 
162 8 2 328 336 151 -1 -1 -1 0 
163 1 301 169 338 310 -1 -1 -1 0 
163 8 0 327 348 152 -1 -1 -1 0 
164 1 298 166 340 313 -1 -1 -1 0 
164 8 3 327 327 152 -1 -1 -1 0 
165 1 345 155 293 324 -1 -1 -1 0 
165 8 0 326 343 153 -1 -1 -1 0 
166 1 344 145 295 334 -1 -1 -1 0 
166 8 0 327 335 152 -1 -1 -1 0 
167 1 342 138 297 341 -1 -1 -1 0 
167 8 1 330 288 149 -1 -1 -1 0 
167 14 0 456 61 23 -1 -1 -1 0 
168 1 301 116 338 363 -1 -1 -1 0 
168 8 0 330 328 149 -1 -1 -1 0 
168 14 0 456 60 23 -1 -1 -1 0 
169 1 300 111 339 368 -1 -1 -1 0 
169 8 0 330 335 149 -1 -1 -1 0 
169 14 0 460 61 19 -1 -1 -1 0 
170 1 296 111 343 368 -1 -1 -1 0 
170 8 0 327 342 152 -1 -1 -1 0 
171 1 302 113 337 366 -1 -1 -1 0 
171 8 0 330 337 149 -1 -1 -1 0 
171 14 0 459 55 20 -1 -1 -1 0 
172 1 301 112 338 367 -1 -1 -1 0 
172 8 0 328 335 151 -1 -1 -1 0 
172 14 0 459 57 20 -1 -1 -1 0 
173 1 296 113 343 366 -1 -1 -1 0 
173 8 1 330 293 149 -1 -1 -1 0 
173 14 0 457 58 22 -1 -1 -1 0 
174 1 300 113 339 366 -1 -1 -1 0 
174 8 1 321 322 158 -1 -1 -1 0 
175 1 297 112 342 367 -1 -1 -1 0 
175 8 0 321 336 158 -1 -1 -1 0 
176 1 298 110 341 369 -1 -1 -1 0 
176 8 0 323 353 156 -1 -1 -1 0 
177 1 299 103 340 376 -1 -1 -1 0 
177 8 0 324 358 155 -1 -1 -1 0 
178 1 298 63 340 416 -1 -1 -1 0 
178 8 0 326 354 153 -1 -1 -1 0 
179 1 284 54 355 425 -1 -1 -1 0 
179 8 0 326 357 153 -1 -1 -1 0 
180 1 271 51 368 428 -1 -1 -1 0 
180 8 0 324 353 155 -1 -1 -1 0 
181 1 286 46 353 433 -1 -1 -1 0 
181 8 0 324 342 155 -1 -1 -1 0 
182 1 297 51 342 428 -1 -1 -1 0 
182 8 2 323 325 156 -1 -1 -1 0 
183 1 289 52 350 427 -1 -1 -1 0 
183 8 1 323 326 156 -1 -1 -1 0 
184 1 293 52 346 427 -1 -1 -1 0 
184 8 0 324 330 155 -1 -1 -1 0 
184 14 0 456 81 23 -1 -1 -1 0 
185 1 280 54 359 425 -1 -1 -1 0 
185 8 0 325 348 154 -1 -1 -1 0 
186 1 292 51 347 428 -1 -1 -1 0 
186 8 0 324 353 155 -1 -1 -1 0 
187 1 229 42 410 437 -1 -1 -1 0 
187 8 0 325 362 154 -1 -1 -1 0 
188 1 280 48 357 431 -1 -1 -1 0 
188 8 1 325 334 154 -1 -1 -1 0 
189 1 271 49 368 430 -1 -1 -1 0 
189 8 0 323 331 156 -1 -1 -1 0 
190 1 273 55 366 424 -1 -1 -1 0 
190 8 0 320 347 159 -1 -1 -1 0 
191 1 270 56 369 423 -1 -1 -1 0 
191 8 0 317 333 162 -1 -1 -1 0 
192 1 277 56 362 423 -1 -1 -1 0 
192 8 0 318 329 161 -1 -1 -1 0 
193 1 275 55 364 424 -1 -1 -1 0 
193 8 0 318 343 161 -1 -1 -1 0 
194 1 272 55 367 424 -1 -1 -1 0 
194 8 0 318 343 161 -1 -1 -1 0 
194 14 9 456 86 23 -1 -1 -1 0 
195 1 224 45 415 434 -1 -1 -1 0 
195 8 0 318 363 161 -1 -1 -1 0 
196 1 270 89 369 387 -1 -1 -1 0 
196 8 0 318 342 161 -1 -1 -1 0 
197 1 282 98 357 381 -1 -1 -1 0 
197 8 0 320 346 159 -1 -1 -1 0 
198 1 274 100 365 379 -1 -1 -1 0 
198 8 0 323 328 156 -1 -1 -1 0 
199 1 233 73 405 406 -1 -1 -1 0 
199 8 0 324 340 155 -1 -1 -1 0 
200 1 105 24 534 455 -1 -1 -1 0 
200 8 4 294 350 182 -1 -1 -1 0 
201 1 84 31 555 448 -1 -1 -1 0 
201 8 0 294 347 184 -1 -1 -1 0 
202 1 65 27 574 452 -1 -1 -1 0 
202 8 2 282 333 196 -1 -1 -1 0 
203 8 3 278 331 200 -1 -1 -1 0 
204 15 149 285 129 132 -1 -1 -1 0 
205 1 147 36 490 443 -1 -1 -1 0 
205 15 150 285 128 132 -1 -1 -1 0 
206 1 205 52 431 426 -1 -1 -1 0 
207 1 198 56 441 423 -1 -1 -1 0 
208 17 241 338 143 141 -1 -1 -1 0 
209 15 149 373 147 106 -1 -1 -1 0 
209 17 212 357 145 122 -1 -1 -1 0 
210 15 152 384 144 95 -1 -1 -1 0 
210 17 226 329 138 148 -1 -1 -1 0 
211 17 210 336 140 143 -1 -1 -1 0 
