15 3 47 138 592 341 -1 -1 -1 0 
16 3 30 131 609 348 -1 -1 -1 0 
17 3 25 129 614 350 -1 -1 -1 0 
18 3 24 133 615 346 -1 -1 -1 0 
19 3 24 135 615 344 -1 -1 -1 0 
20 3 24 138 615 341 -1 -1 -1 0 
21 3 31 134 608 345 -1 -1 -1 0 
22 3 29 130 610 349 -1 -1 -1 0 
23 3 53 132 578 347 -1 -1 -1 0 
24 3 50 133 580 346 -1 -1 -1 0 
25 3 92 137 539 342 -1 -1 -1 0 
26 3 84 144 555 335 -1 -1 -1 0 
27 3 86 154 553 325 -1 -1 -1 0 
28 3 88 155 551 324 -1 -1 -1 0 
30 3 45 175 592 303 -1 -1 -1 0 
32 3 41 182 591 296 -1 -1 -1 0 
35 3 35 185 596 293 -1 -1 -1 0 
37 3 39 185 592 292 -1 -1 -1 0 
38 3 39 185 591 293 -1 -1 -1 0 
39 3 40 185 589 293 -1 -1 -1 0 
40 3 44 183 585 294 -1 -1 -1 0 
43 3 3 153 606 326 -1 -1 -1 0 
44 3 0 146 608 333 -1 -1 -1 0 
45 5 296 311 127 141 -1 -1 -1 0 
46 5 301 314 126 140 -1 -1 -1 0 
47 5 306 318 120 139 -1 -1 -1 0 
48 5 306 323 125 138 -1 -1 -1 0 
49 5 314 336 121 135 -1 -1 -1 0 
50 5 315 381 114 98 -1 -1 -1 0 
51 5 321 393 105 86 -1 -1 -1 0 
68 4 199 172 440 307 -1 -1 -1 0 
68 12 239 260 178 206 -1 -1 -1 0 
69 4 206 171 433 308 -1 -1 -1 0 
69 12 239 261 176 205 -1 -1 -1 0 
70 4 229 171 410 307 -1 -1 -1 0 
70 12 243 258 174 208 -1 -1 -1 0 
71 4 199 171 440 308 -1 -1 -1 0 
71 12 244 262 170 207 -1 -1 -1 0 
72 4 217 171 422 308 -1 -1 -1 0 
77 5 270 345 106 134 -1 -1 -1 0 
78 5 268 342 106 137 -1 -1 -1 0 
82 5 353 366 152 111 -1 -1 -1 0 
83 5 361 367 160 110 -1 -1 -1 0 
83 12 378 343 210 136 -1 -1 -1 0 
84 12 372 333 238 146 -1 -1 -1 0 
85 12 375 334 236 145 -1 -1 -1 0 
86 4 2 165 339 314 -1 -1 -1 0 
86 12 388 337 235 142 -1 -1 -1 0 
87 4 0 164 338 314 -1 -1 -1 0 
87 12 400 334 227 145 -1 -1 -1 0 
88 4 0 162 342 316 -1 -1 -1 0 
88 12 423 334 211 144 -1 -1 -1 0 
89 4 0 161 338 317 -1 -1 -1 0 
89 12 392 329 227 149 -1 -1 -1 0 
90 4 2 159 335 318 -1 -1 -1 0 
90 12 391 326 232 152 -1 -1 -1 0 
91 4 0 158 339 319 -1 -1 -1 0 
91 12 396 326 237 153 -1 -1 -1 0 
92 4 0 158 335 319 -1 -1 -1 0 
92 12 392 327 232 151 -1 -1 -1 0 
93 4 0 158 335 319 -1 -1 -1 0 
93 12 388 329 234 150 -1 -1 -1 0 
94 4 2 158 331 319 -1 -1 -1 0 
94 12 358 309 231 168 -1 -1 -1 0 
95 4 0 153 343 326 -1 -1 -1 0 
95 12 357 307 235 171 -1 -1 -1 0 
96 4 2 159 332 320 -1 -1 -1 0 
97 4 1 160 335 318 -1 -1 -1 0 
97 12 360 295 231 183 -1 -1 -1 0 
98 4 0 157 346 322 -1 -1 -1 0 
98 12 360 297 231 182 -1 -1 -1 0 
99 4 0 157 345 322 -1 -1 -1 0 
100 4 3 158 334 320 -1 -1 -1 0 
101 4 3 158 333 320 -1 -1 -1 0 
102 12 358 294 235 185 -1 -1 -1 0 
103 4 0 152 345 327 -1 -1 -1 0 
103 12 373 317 194 160 -1 -1 -1 0 
104 4 0 153 346 326 -1 -1 -1 0 
104 12 374 318 191 159 -1 -1 -1 0 
105 4 0 153 345 326 -1 -1 -1 0 
106 4 0 163 343 315 -1 -1 -1 0 
107 4 1 163 341 315 -1 -1 -1 0 
108 4 2 164 340 313 -1 -1 -1 0 
112 4 1 163 347 315 -1 -1 -1 0 
113 4 2 163 346 316 -1 -1 -1 0 
114 4 1 165 348 314 -1 -1 -1 0 
115 4 1 160 346 318 -1 -1 -1 0 
116 4 0 165 347 314 -1 -1 -1 0 
117 4 0 163 348 315 -1 -1 -1 0 
118 4 0 161 350 318 -1 -1 -1 0 
119 4 0 164 349 315 -1 -1 -1 0 
120 4 0 165 353 314 -1 -1 -1 0 
121 4 0 165 353 314 -1 -1 -1 0 
122 4 1 165 353 314 -1 -1 -1 0 
122 12 305 379 202 100 -1 -1 -1 0 
123 12 327 378 193 101 -1 -1 -1 0 
124 4 0 165 348 314 -1 -1 -1 0 
124 12 327 380 193 99 -1 -1 -1 0 
125 4 0 164 348 314 -1 -1 -1 0 
126 4 0 164 348 315 -1 -1 -1 0 
126 12 372 421 108 58 -1 -1 -1 0 
127 4 0 164 351 315 -1 -1 -1 0 
127 12 390 445 115 34 -1 -1 -1 0 
128 4 0 165 352 314 -1 -1 -1 0 
128 12 413 456 75 22 -1 -1 -1 0 
129 4 1 164 351 314 -1 -1 -1 0 
130 4 0 167 360 312 -1 -1 -1 0 
131 4 1 165 350 314 -1 -1 -1 0 
132 4 1 165 350 314 -1 -1 -1 0 
133 4 0 167 356 312 -1 -1 -1 0 
134 4 0 168 357 311 -1 -1 -1 0 
134 20 116 441 105 38 -1 -1 -1 0 
135 4 5 166 288 313 -1 -1 -1 0 
135 20 127 442 104 37 -1 -1 -1 0 
136 4 0 161 347 318 -1 -1 -1 0 
137 4 0 170 364 306 -1 -1 -1 0 
138 4 5 163 359 314 -1 -1 -1 0 
139 21 166 226 133 144 -1 -1 -1 0 
140 21 155 229 139 145 -1 -1 -1 0 
141 21 154 200 129 188 -1 -1 -1 0 
142 21 150 239 138 149 -1 -1 -1 0 
143 21 152 239 133 152 -1 -1 -1 0 
144 21 159 245 138 163 -1 -1 -1 0 
145 21 147 174 152 240 -1 -1 -1 0 
146 21 136 177 164 232 -1 -1 -1 0 
147 21 133 173 172 232 -1 -1 -1 0 
148 21 134 171 169 240 -1 -1 -1 0 
149 21 129 171 174 238 -1 -1 -1 0 
150 21 129 172 173 240 -1 -1 -1 0 
151 21 140 175 162 243 -1 -1 -1 0 
152 21 159 252 150 175 -1 -1 -1 0 
153 21 158 257 155 176 -1 -1 -1 0 
157 21 202 149 182 233 -1 -1 -1 0 
158 21 197 125 187 270 -1 -1 -1 0 
159 21 195 130 186 265 -1 -1 -1 0 
160 21 192 139 175 257 -1 -1 -1 0 
161 21 188 138 176 264 -1 -1 -1 0 
162 21 192 147 182 267 -1 -1 -1 0 
163 21 193 145 187 273 -1 -1 -1 0 
