3 1 19 195 620 284 -1 -1 -1 0 
4 1 8 194 631 285 -1 -1 -1 0 
5 1 6 194 633 285 -1 -1 -1 0 
6 1 9 195 630 284 -1 -1 -1 0 
7 1 8 193 631 286 -1 -1 -1 0 
8 1 127 189 510 290 -1 -1 -1 0 
9 1 129 190 510 289 -1 -1 -1 0 
9 2 135 346 209 133 -1 -1 -1 0 
10 1 126 190 513 289 -1 -1 -1 0 
10 2 137 344 204 135 -1 -1 -1 0 
11 1 125 190 514 289 -1 -1 -1 0 
11 2 134 343 208 136 -1 -1 -1 0 
12 1 128 190 511 289 -1 -1 -1 0 
12 2 133 343 207 136 -1 -1 -1 0 
13 1 129 189 510 290 -1 -1 -1 0 
13 2 131 343 202 136 -1 -1 -1 0 
14 1 128 189 511 290 -1 -1 -1 0 
14 2 133 343 201 136 -1 -1 -1 0 
15 1 136 190 503 289 -1 -1 -1 0 
15 2 161 352 174 127 -1 -1 -1 0 
16 1 3 197 636 282 -1 -1 -1 0 
17 1 8 197 628 282 -1 -1 -1 0 
18 1 10 198 629 281 -1 -1 -1 0 
19 1 0 198 639 281 -1 -1 -1 0 
19 2 153 398 159 81 -1 -1 -1 0 
20 1 23 196 616 283 -1 -1 -1 0 
20 2 156 404 150 75 -1 -1 -1 0 
21 1 6 196 633 283 -1 -1 -1 0 
22 3 132 273 157 157 -1 -1 -1 0 
23 3 128 269 158 156 -1 -1 -1 0 
24 3 128 272 157 156 -1 -1 -1 0 
25 3 128 274 156 155 -1 -1 -1 0 
26 3 127 276 157 154 -1 -1 -1 0 
27 3 127 276 155 153 -1 -1 -1 0 
28 3 126 275 157 154 -1 -1 -1 0 
29 3 127 275 158 152 -1 -1 -1 0 
30 3 129 274 156 153 -1 -1 -1 0 
31 3 129 273 157 153 -1 -1 -1 0 
32 3 131 272 153 151 -1 -1 -1 0 
33 3 132 272 152 150 -1 -1 -1 0 
34 3 133 272 151 148 -1 -1 -1 0 
35 3 138 173 158 258 -1 -1 -1 0 
36 3 125 179 189 250 -1 -1 -1 0 
37 3 125 178 192 247 -1 -1 -1 0 
38 3 125 177 194 248 -1 -1 -1 0 
39 3 125 176 195 248 -1 -1 -1 0 
40 3 125 174 193 247 -1 -1 -1 0 
41 3 124 171 195 252 -1 -1 -1 0 
42 3 124 171 193 253 -1 -1 -1 0 
43 3 130 204 190 266 -1 -1 -1 0 
44 3 115 223 178 255 -1 -1 -1 0 
45 3 87 230 171 244 -1 -1 -1 0 
46 2 119 441 134 38 -1 -1 -1 0 
46 3 80 232 173 247 -1 -1 -1 0 
47 2 118 442 132 37 -1 -1 -1 0 
49 1 30 174 595 305 -1 -1 -1 0 
49 5 303 163 204 215 -1 -1 -1 0 
50 1 26 172 603 307 -1 -1 -1 0 
50 5 294 159 209 223 -1 -1 -1 0 
51 1 22 170 607 309 -1 -1 -1 0 
51 5 291 159 212 225 -1 -1 -1 0 
52 1 22 174 606 305 -1 -1 -1 0 
52 5 292 160 212 225 -1 -1 -1 0 
53 1 25 164 610 315 -1 -1 -1 0 
53 5 299 156 204 231 -1 -1 -1 0 
54 1 21 166 611 313 -1 -1 -1 0 
54 5 297 155 206 230 -1 -1 -1 0 
55 1 31 162 602 317 -1 -1 -1 0 
55 5 311 146 194 233 -1 -1 -1 0 
56 1 42 164 597 315 -1 -1 -1 0 
56 2 117 430 171 49 -1 -1 -1 0 
56 5 326 157 195 229 -1 -1 -1 0 
57 1 13 233 571 246 -1 -1 -1 0 
57 2 116 429 175 50 -1 -1 -1 0 
57 3 123 234 123 135 -1 -1 -1 0 
58 1 0 210 607 269 -1 -1 -1 0 
58 3 146 211 136 125 -1 -1 -1 0 
58 5 395 249 159 230 -1 -1 -1 0 
59 1 0 207 601 272 -1 -1 -1 0 
59 3 159 206 135 120 -1 -1 -1 0 
60 1 0 208 600 271 -1 -1 -1 0 
60 3 153 205 137 120 -1 -1 -1 0 
61 1 0 205 597 274 -1 -1 -1 0 
61 3 151 205 138 119 -1 -1 -1 0 
62 1 0 208 598 271 -1 -1 -1 0 
62 3 150 208 137 118 -1 -1 -1 0 
63 1 0 210 594 269 -1 -1 -1 0 
63 3 143 210 129 129 -1 -1 -1 0 
64 1 0 233 619 246 -1 -1 -1 0 
64 3 143 208 130 129 -1 -1 -1 0 
65 1 39 233 589 246 -1 -1 -1 0 
65 5 428 376 129 103 -1 -1 -1 0 
66 1 32 235 567 244 -1 -1 -1 0 
66 5 420 387 125 92 -1 -1 -1 0 
67 1 48 234 576 245 -1 -1 -1 0 
67 5 415 388 124 91 -1 -1 -1 0 
68 1 41 236 598 243 -1 -1 -1 0 
68 5 420 399 119 80 -1 -1 -1 0 
69 1 43 210 596 269 -1 -1 -1 0 
70 1 41 189 598 290 -1 -1 -1 0 
70 9 396 186 176 192 -1 -1 -1 0 
71 1 47 193 592 286 -1 -1 -1 0 
71 9 401 177 172 187 -1 -1 -1 0 
72 1 44 191 595 288 -1 -1 -1 0 
72 9 402 177 173 188 -1 -1 -1 0 
73 1 53 178 586 301 -1 -1 -1 0 
73 9 401 172 173 192 -1 -1 -1 0 
74 1 49 176 590 303 -1 -1 -1 0 
74 9 401 170 175 192 -1 -1 -1 0 
75 1 48 173 591 306 -1 -1 -1 0 
75 9 402 170 175 192 -1 -1 -1 0 
76 1 45 172 594 307 -1 -1 -1 0 
76 9 400 170 176 193 -1 -1 -1 0 
77 1 39 173 600 306 -1 -1 -1 0 
77 9 402 173 175 191 -1 -1 -1 0 
78 1 51 178 588 301 -1 -1 -1 0 
78 9 402 173 174 190 -1 -1 -1 0 
79 1 48 172 591 307 -1 -1 -1 0 
79 9 399 172 175 193 -1 -1 -1 0 
80 1 47 173 592 306 -1 -1 -1 0 
80 9 398 173 178 192 -1 -1 -1 0 
81 1 48 176 591 303 -1 -1 -1 0 
81 9 401 173 174 190 -1 -1 -1 0 
82 1 41 177 598 302 -1 -1 -1 0 
82 9 400 174 175 192 -1 -1 -1 0 
83 1 45 176 594 303 -1 -1 -1 0 
83 9 398 173 178 192 -1 -1 -1 0 
84 1 43 174 596 305 -1 -1 -1 0 
84 2 162 439 143 40 -1 -1 -1 0 
84 9 397 176 173 189 -1 -1 -1 0 
85 1 16 179 620 300 -1 -1 -1 0 
85 2 164 440 141 39 -1 -1 -1 0 
85 3 135 267 141 127 -1 -1 -1 0 
86 1 1 228 616 251 -1 -1 -1 0 
86 3 133 239 145 127 -1 -1 -1 0 
86 9 408 179 177 190 -1 -1 -1 0 
87 1 0 210 610 269 -1 -1 -1 0 
87 3 132 229 141 128 -1 -1 -1 0 
87 9 409 179 175 191 -1 -1 -1 0 
88 1 0 209 610 270 -1 -1 -1 0 
88 3 127 228 143 126 -1 -1 -1 0 
88 9 407 179 177 191 -1 -1 -1 0 
89 1 0 210 615 269 -1 -1 -1 0 
89 3 128 228 142 126 -1 -1 -1 0 
89 9 411 180 175 189 -1 -1 -1 0 
90 1 0 203 614 276 -1 -1 -1 0 
90 3 135 220 131 135 -1 -1 -1 0 
90 9 409 180 175 190 -1 -1 -1 0 
91 1 36 181 603 298 -1 -1 -1 0 
91 3 134 218 132 137 -1 -1 -1 0 
92 1 44 179 595 300 -1 -1 -1 0 
92 9 411 183 171 188 -1 -1 -1 0 
93 1 51 174 588 305 -1 -1 -1 0 
93 9 403 180 175 189 -1 -1 -1 0 
94 1 52 174 587 305 -1 -1 -1 0 
94 9 403 179 175 190 -1 -1 -1 0 
95 1 53 176 586 303 -1 -1 -1 0 
95 9 402 179 176 191 -1 -1 -1 0 
96 1 44 177 595 302 -1 -1 -1 0 
96 9 396 179 170 186 -1 -1 -1 0 
97 1 5 161 633 318 -1 -1 -1 0 
97 3 99 143 139 132 -1 -1 -1 0 
97 9 404 186 172 183 -1 -1 -1 0 
98 1 0 160 619 319 -1 -1 -1 0 
98 3 88 139 142 133 -1 -1 -1 0 
98 9 408 188 170 182 -1 -1 -1 0 
99 1 0 162 639 317 -1 -1 -1 0 
99 3 85 140 143 133 -1 -1 -1 0 
99 9 408 188 168 182 -1 -1 -1 0 
100 1 10 163 629 316 -1 -1 -1 0 
100 3 84 140 144 131 -1 -1 -1 0 
100 9 408 187 169 183 -1 -1 -1 0 
101 1 2 180 637 299 -1 -1 -1 0 
101 3 81 136 145 131 -1 -1 -1 0 
101 9 412 188 172 185 -1 -1 -1 0 
102 1 69 181 570 298 -1 -1 -1 0 
102 9 405 185 172 187 -1 -1 -1 0 
103 1 30 168 609 311 -1 -1 -1 0 
103 9 389 177 168 187 -1 -1 -1 0 
104 1 29 177 610 302 -1 -1 -1 0 
104 9 381 182 173 185 -1 -1 -1 0 
105 1 16 246 585 233 -1 -1 -1 0 
105 9 379 182 172 185 -1 -1 -1 0 
106 1 14 249 506 229 -1 -1 -1 0 
107 1 13 246 518 233 -1 -1 -1 0 
108 1 15 243 561 236 -1 -1 -1 0 
109 1 19 244 557 235 -1 -1 -1 0 
110 1 15 242 564 237 -1 -1 -1 0 
111 1 21 243 557 236 -1 -1 -1 0 
112 1 15 244 530 235 -1 -1 -1 0 
113 1 21 243 551 236 -1 -1 -1 0 
114 1 15 245 527 234 -1 -1 -1 0 
115 1 15 242 573 237 -1 -1 -1 0 
116 1 19 243 557 236 -1 -1 -1 0 
117 1 2 242 586 237 -1 -1 -1 0 
118 1 1 241 567 238 -1 -1 -1 0 
118 3 138 244 140 127 -1 -1 -1 0 
119 1 0 231 584 248 -1 -1 -1 0 
119 3 151 225 136 126 -1 -1 -1 0 
120 1 0 228 581 251 -1 -1 -1 0 
120 3 150 220 136 125 -1 -1 -1 0 
121 1 0 227 579 252 -1 -1 -1 0 
121 3 149 222 136 125 -1 -1 -1 0 
122 1 0 231 592 248 -1 -1 -1 0 
122 3 149 224 136 127 -1 -1 -1 0 
123 1 0 232 593 247 -1 -1 -1 0 
123 3 148 231 131 126 -1 -1 -1 0 
124 1 8 239 575 240 -1 -1 -1 0 
124 3 91 242 138 169 -1 -1 -1 0 
125 1 19 238 573 241 -1 -1 -1 0 
126 1 10 240 595 239 -1 -1 -1 0 
127 1 24 241 565 238 -1 -1 -1 0 
128 1 14 241 581 238 -1 -1 -1 0 
129 1 19 241 569 238 -1 -1 -1 0 
130 1 18 240 575 239 -1 -1 -1 0 
131 1 14 240 564 239 -1 -1 -1 0 
131 3 101 343 139 135 -1 -1 -1 0 
132 1 4 210 579 269 -1 -1 -1 0 
132 3 100 352 141 127 -1 -1 -1 0 
133 1 0 203 581 276 -1 -1 -1 0 
133 9 105 197 137 125 -1 -1 -1 0 
134 1 4 207 564 272 -1 -1 -1 0 
134 9 99 205 137 139 -1 -1 -1 0 
135 1 0 234 581 245 -1 -1 -1 0 
135 3 62 279 149 152 -1 -1 -1 0 
135 9 90 205 140 142 -1 -1 -1 0 
136 1 14 235 562 244 -1 -1 -1 0 
136 3 49 329 163 150 -1 -1 -1 0 
137 1 10 235 587 244 -1 -1 -1 0 
138 1 18 237 572 242 -1 -1 -1 0 
139 1 17 238 580 241 -1 -1 -1 0 
140 1 26 238 556 241 -1 -1 -1 0 
141 1 22 238 563 241 -1 -1 -1 0 
142 1 17 238 578 241 -1 -1 -1 0 
143 1 17 239 571 240 -1 -1 -1 0 
144 1 20 238 564 241 -1 -1 -1 0 
145 1 17 238 575 240 -1 -1 -1 0 
146 1 25 238 560 240 -1 -1 -1 0 
147 1 17 238 573 241 -1 -1 -1 0 
148 1 22 238 565 241 -1 -1 -1 0 
149 1 20 237 570 242 -1 -1 -1 0 
150 1 26 238 557 240 -1 -1 -1 0 
151 1 21 238 569 241 -1 -1 -1 0 
152 1 22 238 561 241 -1 -1 -1 0 
153 1 18 238 573 241 -1 -1 -1 0 
154 1 19 238 569 241 -1 -1 -1 0 
155 1 21 238 567 241 -1 -1 -1 0 
156 1 24 238 561 241 -1 -1 -1 0 
157 1 23 238 565 241 -1 -1 -1 0 
158 1 24 238 566 241 -1 -1 -1 0 
159 1 17 238 576 241 -1 -1 -1 0 
160 1 14 238 577 240 -1 -1 -1 0 
161 1 21 238 568 241 -1 -1 -1 0 
162 1 14 238 577 241 -1 -1 -1 0 
163 1 24 238 558 240 -1 -1 -1 0 
164 1 19 237 567 241 -1 -1 -1 0 
165 1 19 237 572 242 -1 -1 -1 0 
166 1 12 237 577 242 -1 -1 -1 0 
167 1 13 235 560 244 -1 -1 -1 0 
167 3 108 240 144 141 -1 -1 -1 0 
168 1 0 172 591 307 -1 -1 -1 0 
168 3 111 234 143 141 -1 -1 -1 0 
169 1 0 167 597 312 -1 -1 -1 0 
169 3 131 160 139 123 -1 -1 -1 0 
170 1 0 164 601 315 -1 -1 -1 0 
170 3 131 157 139 124 -1 -1 -1 0 
171 1 0 167 599 312 -1 -1 -1 0 
171 3 132 160 139 124 -1 -1 -1 0 
172 1 0 166 596 313 -1 -1 -1 0 
172 3 119 160 145 130 -1 -1 -1 0 
173 1 0 188 591 291 -1 -1 -1 0 
173 3 61 157 143 157 -1 -1 -1 0 
174 1 14 230 581 249 -1 -1 -1 0 
175 1 0 232 612 247 -1 -1 -1 0 
176 1 10 236 587 243 -1 -1 -1 0 
177 1 13 238 573 241 -1 -1 -1 0 
178 1 25 241 555 238 -1 -1 -1 0 
179 1 27 231 612 248 -1 -1 -1 0 
180 1 31 214 608 265 -1 -1 -1 0 
181 18 377 211 165 137 -1 -1 -1 0 
182 18 370 212 171 134 -1 -1 -1 0 
183 18 370 213 170 135 -1 -1 -1 0 
184 18 369 213 173 136 -1 -1 -1 0 
185 18 373 218 169 137 -1 -1 -1 0 
186 18 371 219 171 137 -1 -1 -1 0 
