13 1 66 221 554 258 -1 -1 -1 0 
13 2 98 256 172 222 -1 -1 -1 0 
14 1 46 221 577 258 -1 -1 -1 0 
14 2 96 255 172 221 -1 -1 -1 0 
15 1 36 221 592 258 -1 -1 -1 0 
15 2 94 255 174 218 -1 -1 -1 0 
16 1 39 221 585 258 -1 -1 -1 0 
16 2 95 257 171 219 -1 -1 -1 0 
17 1 39 221 584 258 -1 -1 -1 0 
17 2 89 256 171 212 -1 -1 -1 0 
18 1 20 223 613 256 -1 -1 -1 0 
19 1 31 224 597 255 -1 -1 -1 0 
20 1 35 224 595 255 -1 -1 -1 0 
21 1 36 223 595 256 -1 -1 -1 0 
22 1 27 224 607 255 -1 -1 -1 0 
23 1 37 225 596 254 -1 -1 -1 0 
24 1 29 223 605 256 -1 -1 -1 0 
25 1 32 223 602 256 -1 -1 -1 0 
26 1 34 222 600 257 -1 -1 -1 0 
27 1 33 222 604 257 -1 -1 -1 0 
28 1 37 222 600 257 -1 -1 -1 0 
29 1 39 222 595 257 -1 -1 -1 0 
30 1 37 222 595 257 -1 -1 -1 0 
31 1 40 225 595 254 -1 -1 -1 0 
32 1 39 222 593 257 -1 -1 -1 0 
33 1 42 222 593 257 -1 -1 -1 0 
34 3 382 239 127 114 -1 -1 -1 0 
35 3 381 237 125 116 -1 -1 -1 0 
36 3 378 237 127 117 -1 -1 -1 0 
37 3 376 238 130 116 -1 -1 -1 0 
38 3 370 245 129 121 -1 -1 -1 0 
39 2 389 321 123 137 -1 -1 -1 0 
39 3 367 245 131 123 -1 -1 -1 0 
40 2 404 325 120 132 -1 -1 -1 0 
83 4 0 283 351 196 -1 -1 -1 0 
83 5 20 283 101 150 -1 -1 -1 0 
84 4 0 284 361 195 -1 -1 -1 0 
84 5 20 283 102 152 -1 -1 -1 0 
85 4 0 284 357 195 -1 -1 -1 0 
85 5 22 283 99 151 -1 -1 -1 0 
86 4 0 285 357 194 -1 -1 -1 0 
86 5 22 284 99 150 -1 -1 -1 0 
87 4 0 296 392 183 -1 -1 -1 0 
87 5 25 285 99 153 -1 -1 -1 0 
88 4 0 294 351 185 -1 -1 -1 0 
88 5 33 290 100 152 -1 -1 -1 0 
89 4 0 296 353 183 -1 -1 -1 0 
89 5 37 290 98 150 -1 -1 -1 0 
90 4 0 309 375 170 -1 -1 -1 0 
90 5 6 292 137 161 -1 -1 -1 0 
91 4 0 317 339 162 -1 -1 -1 0 
91 5 5 320 96 152 -1 -1 -1 0 
92 4 12 319 383 160 -1 -1 -1 0 
92 5 41 325 106 149 -1 -1 -1 0 
93 4 19 318 362 161 -1 -1 -1 0 
93 5 46 328 104 147 -1 -1 -1 0 
94 4 19 318 372 161 -1 -1 -1 0 
94 5 47 331 100 145 -1 -1 -1 0 
94 6 212 358 97 115 -1 -1 -1 0 
95 4 30 318 347 161 -1 -1 -1 0 
95 5 53 333 102 144 -1 -1 -1 0 
95 6 212 357 95 116 -1 -1 -1 0 
96 4 5 318 342 161 -1 -1 -1 0 
96 5 59 337 103 142 -1 -1 -1 0 
96 6 150 323 135 146 -1 -1 -1 0 
97 4 23 278 406 201 -1 -1 -1 0 
98 1 237 206 402 273 -1 -1 -1 0 
98 4 19 232 416 247 -1 -1 -1 0 
98 6 108 232 103 121 -1 -1 -1 0 
99 4 12 236 426 243 -1 -1 -1 0 
99 6 107 237 101 121 -1 -1 -1 0 
100 1 275 208 364 271 -1 -1 -1 0 
100 4 11 246 426 233 -1 -1 -1 0 
100 6 103 247 102 123 -1 -1 -1 0 
100 9 246 240 98 121 -1 -1 -1 0 
101 1 284 209 354 270 -1 -1 -1 0 
101 4 7 268 428 211 -1 -1 -1 0 
101 6 96 265 102 125 -1 -1 -1 0 
101 9 253 267 101 122 -1 -1 -1 0 
102 1 282 210 357 269 -1 -1 -1 0 
102 4 17 282 399 197 -1 -1 -1 0 
102 6 90 284 104 126 -1 -1 -1 0 
102 9 253 282 102 123 -1 -1 -1 0 
103 1 284 211 355 268 -1 -1 -1 0 
103 4 19 292 395 187 -1 -1 -1 0 
103 6 84 290 106 129 -1 -1 -1 0 
104 4 19 292 394 187 -1 -1 -1 0 
104 6 83 289 107 131 -1 -1 -1 0 
104 9 256 292 104 120 -1 -1 -1 0 
105 1 292 211 346 268 -1 -1 -1 0 
105 4 17 293 397 186 -1 -1 -1 0 
105 6 80 292 108 131 -1 -1 -1 0 
105 9 256 294 104 120 -1 -1 -1 0 
106 1 288 212 351 267 -1 -1 -1 0 
106 4 20 293 391 186 -1 -1 -1 0 
106 6 81 293 108 131 -1 -1 -1 0 
106 9 256 293 103 121 -1 -1 -1 0 
107 1 233 210 406 269 -1 -1 -1 0 
107 5 90 320 77 83 -1 -1 -1 0 
107 6 76 293 109 131 -1 -1 -1 0 
107 9 286 310 61 74 -1 -1 -1 0 
108 5 92 320 71 73 -1 -1 -1 0 
108 9 287 307 62 67 -1 -1 -1 0 
109 5 94 320 67 71 -1 -1 -1 0 
109 9 288 310 61 67 -1 -1 -1 0 
110 5 93 322 67 70 -1 -1 -1 0 
110 9 288 310 61 68 -1 -1 -1 0 
111 5 92 322 68 71 -1 -1 -1 0 
111 9 288 311 61 67 -1 -1 -1 0 
112 5 92 324 69 69 -1 -1 -1 0 
112 9 287 315 61 67 -1 -1 -1 0 
113 5 94 324 67 67 -1 -1 -1 0 
113 6 86 338 79 77 -1 -1 -1 0 
113 9 275 350 62 68 -1 -1 -1 0 
114 6 85 342 75 72 -1 -1 -1 0 
114 9 275 358 62 67 -1 -1 -1 0 
124 5 3 402 94 75 -1 -1 -1 0 
124 6 4 401 92 76 -1 -1 -1 0 
