3 1 2 111 630 367 -1 -1 -1 0 
4 1 1 113 633 366 -1 -1 -1 0 
5 1 2 109 635 369 -1 -1 -1 0 
6 1 2 109 632 369 -1 -1 -1 0 
7 1 3 111 631 367 -1 -1 -1 0 
8 1 3 132 620 347 -1 -1 -1 0 
9 1 0 138 619 341 -1 -1 -1 0 
10 1 0 147 623 332 -1 -1 -1 0 
11 1 0 160 617 317 -1 -1 -1 0 
12 1 0 168 619 309 -1 -1 -1 0 
13 1 10 175 591 302 -1 -1 -1 0 
14 1 12 176 601 302 -1 -1 -1 0 
15 1 20 174 605 304 -1 -1 -1 0 
16 1 30 172 591 306 -1 -1 -1 0 
17 1 23 174 599 305 -1 -1 -1 0 
18 1 17 174 599 305 -1 -1 -1 0 
19 1 19 173 591 306 -1 -1 -1 0 
20 1 22 172 601 306 -1 -1 -1 0 
21 1 36 174 599 305 -1 -1 -1 0 
22 1 5 169 621 310 -1 -1 -1 0 
23 1 14 164 622 315 -1 -1 -1 0 
24 1 13 161 626 318 -1 -1 -1 0 
24 2 483 156 156 276 -1 -1 -1 0 
25 1 16 165 621 314 -1 -1 -1 0 
25 2 512 130 127 239 -1 -1 -1 0 
26 1 24 160 615 319 -1 -1 -1 0 
27 1 21 119 618 360 -1 -1 -1 0 
28 1 19 152 620 327 -1 -1 -1 0 
29 1 15 145 624 334 -1 -1 -1 0 
30 1 9 134 630 345 -1 -1 -1 0 
31 1 11 134 628 345 -1 -1 -1 0 
32 1 5 144 634 335 -1 -1 -1 0 
33 1 19 107 614 372 -1 -1 -1 0 
34 1 13 102 626 377 -1 -1 -1 0 
35 1 12 104 626 375 -1 -1 -1 0 
36 1 3 83 593 395 -1 -1 -1 0 
37 1 0 118 572 360 -1 -1 -1 0 
38 1 4 131 535 348 -1 -1 -1 0 
39 1 6 152 541 327 -1 -1 -1 0 
40 1 0 146 581 333 -1 -1 -1 0 
41 1 0 21 622 458 -1 -1 -1 0 
42 1 0 56 609 423 -1 -1 -1 0 
43 1 0 80 607 399 -1 -1 -1 0 
44 1 0 80 608 399 -1 -1 -1 0 
45 1 0 100 622 379 -1 -1 -1 0 
46 1 11 112 603 367 -1 -1 -1 0 
47 1 9 115 615 364 -1 -1 -1 0 
48 1 9 107 600 372 -1 -1 -1 0 
49 1 3 96 616 383 -1 -1 -1 0 
50 1 5 127 604 352 -1 -1 -1 0 
51 1 7 154 605 325 -1 -1 -1 0 
52 1 9 176 612 303 -1 -1 -1 0 
52 5 328 179 199 267 -1 -1 -1 0 
53 1 14 181 598 298 -1 -1 -1 0 
53 5 329 197 202 255 -1 -1 -1 0 
54 1 16 181 599 298 -1 -1 -1 0 
54 5 330 199 203 255 -1 -1 -1 0 
55 1 15 180 591 299 -1 -1 -1 0 
55 5 330 198 202 253 -1 -1 -1 0 
56 1 20 180 582 299 -1 -1 -1 0 
56 5 332 196 201 256 -1 -1 -1 0 
57 1 15 180 597 299 -1 -1 -1 0 
57 5 348 203 186 253 -1 -1 -1 0 
58 1 9 171 621 308 -1 -1 -1 0 
59 1 20 161 610 318 -1 -1 -1 0 
60 1 17 150 609 329 -1 -1 -1 0 
61 1 17 151 612 328 -1 -1 -1 0 
62 1 19 149 610 330 -1 -1 -1 0 
63 1 21 150 605 329 -1 -1 -1 0 
