22 1 146 230 490 249 -1 -1 -1 0 
22 2 0 260 403 219 -1 -1 -1 0 
22 3 176 258 175 206 -1 -1 -1 0 
23 1 146 230 489 249 -1 -1 -1 0 
23 2 0 260 411 219 -1 -1 -1 0 
23 3 179 257 175 211 -1 -1 -1 0 
24 1 146 230 493 249 -1 -1 -1 0 
24 2 0 260 411 219 -1 -1 -1 0 
24 3 180 257 175 212 -1 -1 -1 0 
25 3 172 323 158 156 -1 -1 -1 0 
26 3 175 337 147 142 -1 -1 -1 0 
38 1 150 220 489 259 -1 -1 -1 0 
38 2 6 186 324 293 -1 -1 -1 0 
38 3 105 186 106 156 -1 -1 -1 0 
39 1 156 216 472 263 -1 -1 -1 0 
39 2 2 205 356 274 -1 -1 -1 0 
39 3 100 178 103 157 -1 -1 -1 0 
40 1 108 206 531 273 -1 -1 -1 0 
40 2 3 209 368 270 -1 -1 -1 0 
41 1 152 214 481 265 -1 -1 -1 0 
41 2 0 212 386 267 -1 -1 -1 0 
41 5 190 210 89 134 -1 -1 -1 0 
42 1 158 215 478 264 -1 -1 -1 0 
42 2 0 231 387 248 -1 -1 -1 0 
42 5 194 217 90 134 -1 -1 -1 0 
43 1 160 215 476 264 -1 -1 -1 0 
43 2 0 237 381 242 -1 -1 -1 0 
43 5 197 219 88 133 -1 -1 -1 0 
44 1 155 214 479 265 -1 -1 -1 0 
44 2 0 239 380 240 -1 -1 -1 0 
44 5 198 220 87 133 -1 -1 -1 0 
45 1 110 211 529 268 -1 -1 -1 0 
45 2 0 245 379 234 -1 -1 -1 0 
45 5 190 224 91 133 -1 -1 -1 0 
46 1 113 213 512 266 -1 -1 -1 0 
46 2 2 240 378 239 -1 -1 -1 0 
46 5 149 233 100 132 -1 -1 -1 0 
47 1 224 215 402 264 -1 -1 -1 0 
47 2 9 219 347 260 -1 -1 -1 0 
47 5 130 224 99 127 -1 -1 -1 0 
48 1 235 217 404 262 -1 -1 -1 0 
48 2 11 205 330 274 -1 -1 -1 0 
48 5 111 211 101 129 -1 -1 -1 0 
49 1 226 218 413 261 -1 -1 -1 0 
49 2 11 197 324 282 -1 -1 -1 0 
49 5 101 203 103 128 -1 -1 -1 0 
50 1 215 218 424 261 -1 -1 -1 0 
50 2 9 194 326 285 -1 -1 -1 0 
50 5 98 201 102 127 -1 -1 -1 0 
51 1 219 219 420 260 -1 -1 -1 0 
51 2 7 211 329 268 -1 -1 -1 0 
52 5 121 246 76 81 -1 -1 -1 0 
53 1 207 217 432 262 -1 -1 -1 0 
53 5 123 246 74 77 -1 -1 -1 0 
54 1 211 217 428 262 -1 -1 -1 0 
54 5 123 246 74 77 -1 -1 -1 0 
55 1 213 216 426 263 -1 -1 -1 0 
55 5 121 246 75 78 -1 -1 -1 0 
56 1 244 215 395 264 -1 -1 -1 0 
56 5 122 246 74 77 -1 -1 -1 0 
57 1 227 214 412 265 -1 -1 -1 0 
57 5 122 247 74 76 -1 -1 -1 0 
58 1 246 214 393 265 -1 -1 -1 0 
58 5 121 246 74 78 -1 -1 -1 0 
59 1 240 216 399 263 -1 -1 -1 0 
59 5 121 246 75 77 -1 -1 -1 0 
60 1 243 216 396 263 -1 -1 -1 0 
60 5 93 200 103 125 -1 -1 -1 0 
61 2 7 195 325 284 -1 -1 -1 0 
61 5 83 203 112 124 -1 -1 -1 0 
62 1 250 197 389 282 -1 -1 -1 0 
62 2 7 195 326 284 -1 -1 -1 0 
62 5 84 203 111 127 -1 -1 -1 0 
63 1 259 198 380 281 -1 -1 -1 0 
63 2 11 199 330 280 -1 -1 -1 0 
63 5 99 207 110 126 -1 -1 -1 0 
64 1 263 196 376 283 -1 -1 -1 0 
64 2 4 210 366 269 -1 -1 -1 0 
65 1 127 190 496 289 -1 -1 -1 0 
65 2 0 214 385 265 -1 -1 -1 0 
65 3 158 217 108 126 -1 -1 -1 0 
66 1 137 193 500 286 -1 -1 -1 0 
66 2 0 223 394 256 -1 -1 -1 0 
66 3 174 220 102 128 -1 -1 -1 0 
67 1 159 197 480 282 -1 -1 -1 0 
67 2 0 233 400 246 -1 -1 -1 0 
67 3 192 223 95 125 -1 -1 -1 0 
68 3 217 272 69 80 -1 -1 -1 0 
69 3 227 269 66 76 -1 -1 -1 0 
70 3 224 271 67 76 -1 -1 -1 0 
71 3 224 270 67 76 -1 -1 -1 0 
72 3 224 271 66 74 -1 -1 -1 0 
73 3 223 271 68 75 -1 -1 -1 0 
74 3 224 271 67 75 -1 -1 -1 0 
75 3 223 271 67 74 -1 -1 -1 0 
76 3 223 271 66 75 -1 -1 -1 0 
77 3 223 271 67 75 -1 -1 -1 0 
78 3 223 272 67 75 -1 -1 -1 0 
79 3 224 273 66 77 -1 -1 -1 0 
80 3 224 273 67 78 -1 -1 -1 0 
81 3 225 275 66 76 -1 -1 -1 0 
81 5 191 228 97 121 -1 -1 -1 0 
82 5 190 229 100 120 -1 -1 -1 0 
83 5 189 228 100 120 -1 -1 -1 0 
84 5 189 228 101 121 -1 -1 -1 0 
85 5 188 227 102 123 -1 -1 -1 0 
86 5 188 227 102 123 -1 -1 -1 0 
87 5 189 227 102 122 -1 -1 -1 0 
88 5 189 227 101 122 -1 -1 -1 0 
89 5 188 226 102 124 -1 -1 -1 0 
90 5 188 226 102 123 -1 -1 -1 0 
91 5 189 226 103 124 -1 -1 -1 0 
93 1 94 175 545 304 -1 -1 -1 0 
93 2 0 187 398 292 -1 -1 -1 0 
93 6 163 180 180 193 -1 -1 -1 0 
94 1 89 172 550 307 -1 -1 -1 0 
94 2 0 187 403 292 -1 -1 -1 0 
94 6 151 183 190 198 -1 -1 -1 0 
95 1 81 173 557 306 -1 -1 -1 0 
95 2 0 189 400 290 -1 -1 -1 0 
95 6 147 189 188 199 -1 -1 -1 0 
96 1 75 178 564 301 -1 -1 -1 0 
96 2 0 196 396 283 -1 -1 -1 0 
96 6 148 190 179 202 -1 -1 -1 0 
97 1 166 188 470 291 -1 -1 -1 0 
97 2 0 232 399 247 -1 -1 -1 0 
97 5 184 230 102 128 -1 -1 -1 0 
98 1 152 195 487 284 -1 -1 -1 0 
98 2 0 234 396 245 -1 -1 -1 0 
98 5 186 227 100 130 -1 -1 -1 0 
99 1 146 195 490 284 -1 -1 -1 0 
99 2 0 234 399 245 -1 -1 -1 0 
99 5 185 225 102 131 -1 -1 -1 0 
100 1 142 195 494 284 -1 -1 -1 0 
100 2 0 235 398 244 -1 -1 -1 0 
100 5 182 225 105 132 -1 -1 -1 0 
101 1 165 195 474 284 -1 -1 -1 0 
101 2 0 236 393 243 -1 -1 -1 0 
101 5 185 225 106 133 -1 -1 -1 0 
102 1 108 189 531 290 -1 -1 -1 0 
102 2 0 260 397 219 -1 -1 -1 0 
102 3 216 260 69 79 -1 -1 -1 0 
103 1 105 189 534 290 -1 -1 -1 0 
103 2 0 251 384 227 -1 -1 -1 0 
104 2 0 258 393 221 -1 -1 -1 0 
104 3 212 260 72 79 -1 -1 -1 0 
105 1 113 195 517 284 -1 -1 -1 0 
105 2 0 261 396 217 -1 -1 -1 0 
105 3 217 262 71 79 -1 -1 -1 0 
106 1 158 198 462 281 -1 -1 -1 0 
106 2 0 263 398 215 -1 -1 -1 0 
106 3 217 262 72 81 -1 -1 -1 0 
107 1 115 195 516 284 -1 -1 -1 0 
107 2 0 264 396 214 -1 -1 -1 0 
107 3 217 264 72 80 -1 -1 -1 0 
108 1 113 195 518 284 -1 -1 -1 0 
108 2 0 264 391 214 -1 -1 -1 0 
109 2 0 264 392 214 -1 -1 -1 0 
109 3 213 265 72 79 -1 -1 -1 0 
110 1 164 194 467 285 -1 -1 -1 0 
110 2 0 265 394 213 -1 -1 -1 0 
110 3 214 268 72 78 -1 -1 -1 0 
111 1 166 192 466 287 -1 -1 -1 0 
111 2 0 267 394 212 -1 -1 -1 0 
111 3 215 273 71 77 -1 -1 -1 0 
112 1 162 193 477 286 -1 -1 -1 0 
112 2 0 269 393 209 -1 -1 -1 0 
112 3 215 273 72 78 -1 -1 -1 0 
113 1 167 193 462 286 -1 -1 -1 0 
113 2 0 269 382 209 -1 -1 -1 0 
113 3 218 276 71 77 -1 -1 -1 0 
114 1 170 193 460 286 -1 -1 -1 0 
114 2 0 269 381 209 -1 -1 -1 0 
115 1 228 193 408 286 -1 -1 -1 0 
115 2 0 269 382 209 -1 -1 -1 0 
115 3 217 275 72 77 -1 -1 -1 0 
116 1 243 195 393 284 -1 -1 -1 0 
116 2 0 269 381 209 -1 -1 -1 0 
116 3 219 273 69 76 -1 -1 -1 0 
117 1 247 191 389 288 -1 -1 -1 0 
117 2 0 269 372 209 -1 -1 -1 0 
117 3 217 273 70 78 -1 -1 -1 0 
118 1 228 194 410 285 -1 -1 -1 0 
118 2 0 270 377 208 -1 -1 -1 0 
118 3 213 275 71 77 -1 -1 -1 0 
119 1 233 194 406 285 -1 -1 -1 0 
119 2 0 271 377 207 -1 -1 -1 0 
120 2 0 270 377 208 -1 -1 -1 0 
120 3 213 274 70 78 -1 -1 -1 0 
121 2 0 270 376 208 -1 -1 -1 0 
121 3 214 273 70 78 -1 -1 -1 0 
122 2 1 266 379 212 -1 -1 -1 0 
122 3 213 266 69 80 -1 -1 -1 0 
123 2 1 253 374 225 -1 -1 -1 0 
123 3 200 245 74 76 -1 -1 -1 0 
124 2 5 198 370 281 -1 -1 -1 0 
124 3 199 242 73 75 -1 -1 -1 0 
125 2 4 198 372 281 -1 -1 -1 0 
125 5 156 191 114 132 -1 -1 -1 0 
126 2 4 199 372 280 -1 -1 -1 0 
126 5 157 192 113 134 -1 -1 -1 0 
127 2 5 199 371 280 -1 -1 -1 0 
127 5 157 192 113 136 -1 -1 -1 0 
128 2 4 200 374 279 -1 -1 -1 0 
128 5 155 192 115 137 -1 -1 -1 0 
129 2 4 201 374 278 -1 -1 -1 0 
129 5 154 193 115 136 -1 -1 -1 0 
130 2 4 203 371 276 -1 -1 -1 0 
130 5 154 194 113 135 -1 -1 -1 0 
131 2 4 204 371 275 -1 -1 -1 0 
131 5 153 195 113 134 -1 -1 -1 0 
132 2 3 206 370 273 -1 -1 -1 0 
132 5 152 196 114 134 -1 -1 -1 0 
133 2 1 211 365 268 -1 -1 -1 0 
133 5 149 200 112 133 -1 -1 -1 0 
134 1 237 193 402 286 -1 -1 -1 0 
134 2 5 202 335 276 -1 -1 -1 0 
134 5 134 195 113 132 -1 -1 -1 0 
135 1 228 193 411 286 -1 -1 -1 0 
135 2 4 205 295 274 -1 -1 -1 0 
135 5 105 196 120 134 -1 -1 -1 0 
136 1 232 194 407 285 -1 -1 -1 0 
136 2 1 216 276 263 -1 -1 -1 0 
136 5 92 211 125 141 -1 -1 -1 0 
137 1 233 195 406 284 -1 -1 -1 0 
137 2 3 222 277 257 -1 -1 -1 0 
138 2 2 221 274 258 -1 -1 -1 0 
138 5 65 221 131 148 -1 -1 -1 0 
139 2 0 203 342 275 -1 -1 -1 0 
139 3 197 247 145 134 -1 -1 -1 0 
139 5 68 214 131 150 -1 -1 -1 0 
140 1 102 186 537 293 -1 -1 -1 0 
140 2 2 199 358 280 -1 -1 -1 0 
140 3 196 246 151 139 -1 -1 -1 0 
141 1 107 185 528 294 -1 -1 -1 0 
141 2 4 199 364 280 -1 -1 -1 0 
141 3 185 250 147 149 -1 -1 -1 0 
141 5 67 213 130 147 -1 -1 -1 0 
142 1 97 186 539 293 -1 -1 -1 0 
142 2 6 203 358 276 -1 -1 -1 0 
142 3 184 250 151 153 -1 -1 -1 0 
143 1 84 186 552 293 -1 -1 -1 0 
143 2 7 206 344 273 -1 -1 -1 0 
143 5 74 216 134 147 -1 -1 -1 0 
144 1 91 186 541 293 -1 -1 -1 0 
144 2 5 207 355 272 -1 -1 -1 0 
144 5 72 218 133 147 -1 -1 -1 0 
145 3 183 258 143 166 -1 -1 -1 0 
145 5 112 280 81 80 -1 -1 -1 0 
146 3 180 263 158 157 -1 -1 -1 0 
146 5 113 274 74 80 -1 -1 -1 0 
147 3 179 264 162 160 -1 -1 -1 0 
147 5 111 273 76 79 -1 -1 -1 0 
148 5 111 274 77 79 -1 -1 -1 0 
149 5 110 275 78 80 -1 -1 -1 0 
150 5 111 275 77 81 -1 -1 -1 0 
151 5 111 276 78 80 -1 -1 -1 0 
152 5 111 276 78 80 -1 -1 -1 0 
153 5 111 278 78 81 -1 -1 -1 0 
154 5 114 282 83 82 -1 -1 -1 0 
155 5 121 281 79 82 -1 -1 -1 0 
156 5 113 281 82 82 -1 -1 -1 0 
157 5 86 287 85 82 -1 -1 -1 0 
158 3 53 292 91 89 -1 -1 -1 0 
158 5 83 289 85 82 -1 -1 -1 0 
159 3 27 287 88 88 -1 -1 -1 0 
160 1 124 112 503 367 -1 -1 -1 0 
160 2 1 203 194 276 -1 -1 -1 0 
160 3 0 234 111 129 -1 -1 -1 0 
161 1 206 108 418 371 -1 -1 -1 0 
161 2 0 173 185 306 -1 -1 -1 0 
161 3 0 197 110 161 -1 -1 -1 0 
162 1 168 104 471 375 -1 -1 -1 0 
162 2 0 179 186 300 -1 -1 -1 0 
162 3 0 196 96 158 -1 -1 -1 0 
163 1 181 122 458 357 -1 -1 -1 0 
163 2 0 176 186 303 -1 -1 -1 0 
163 3 0 200 81 152 -1 -1 -1 0 
164 1 130 137 501 342 -1 -1 -1 0 
164 2 0 178 187 301 -1 -1 -1 0 
164 3 0 201 79 151 -1 -1 -1 0 
165 1 152 143 461 336 -1 -1 -1 0 
165 2 0 177 186 302 -1 -1 -1 0 
165 3 0 201 79 152 -1 -1 -1 0 
166 1 136 136 486 343 -1 -1 -1 0 
166 2 0 179 185 300 -1 -1 -1 0 
166 3 0 201 78 152 -1 -1 -1 0 
167 1 96 138 540 341 -1 -1 -1 0 
167 2 0 181 201 298 -1 -1 -1 0 
167 3 0 203 81 149 -1 -1 -1 0 
168 1 88 137 551 342 -1 -1 -1 0 
168 2 0 187 235 292 -1 -1 -1 0 
169 2 3 192 271 287 -1 -1 -1 0 
169 3 0 200 98 154 -1 -1 -1 0 
170 2 0 197 315 282 -1 -1 -1 0 
170 5 82 197 120 159 -1 -1 -1 0 
171 1 128 128 504 351 -1 -1 -1 0 
171 2 0 213 308 266 -1 -1 -1 0 
171 5 106 205 123 174 -1 -1 -1 0 
172 1 109 132 521 347 -1 -1 -1 0 
172 2 0 220 351 251 -1 -1 -1 0 
172 5 105 238 126 195 -1 -1 -1 0 
173 1 37 138 600 341 -1 -1 -1 0 
173 2 2 253 398 226 -1 -1 -1 0 
173 5 115 241 124 201 -1 -1 -1 0 
174 1 24 141 604 338 -1 -1 -1 0 
174 2 0 259 428 220 -1 -1 -1 0 
174 8 11 255 182 223 -1 -1 -1 0 
175 1 12 142 617 337 -1 -1 -1 0 
175 2 0 255 595 224 -1 -1 -1 0 
176 8 26 351 114 123 -1 -1 -1 0 
177 8 20 365 119 111 -1 -1 -1 0 
178 8 31 362 111 107 -1 -1 -1 0 
179 8 34 362 111 105 -1 -1 -1 0 
180 8 39 362 107 104 -1 -1 -1 0 
181 8 37 362 108 105 -1 -1 -1 0 
182 8 34 351 110 114 -1 -1 -1 0 
183 1 214 141 422 338 -1 -1 -1 0 
183 8 34 357 108 111 -1 -1 -1 0 
184 1 223 141 416 338 -1 -1 -1 0 
184 9 31 266 140 212 -1 -1 -1 0 
185 9 30 266 141 212 -1 -1 -1 0 
186 9 30 267 138 212 -1 -1 -1 0 
187 9 32 266 134 212 -1 -1 -1 0 
188 9 31 266 143 212 -1 -1 -1 0 
189 9 32 266 131 212 -1 -1 -1 0 
190 1 225 138 413 341 -1 -1 -1 0 
190 9 32 269 130 210 -1 -1 -1 0 
191 1 222 137 416 342 -1 -1 -1 0 
191 9 34 270 122 209 -1 -1 -1 0 
192 1 227 136 412 343 -1 -1 -1 0 
192 9 34 272 114 205 -1 -1 -1 0 
193 9 28 277 105 202 -1 -1 -1 0 
194 9 26 277 105 202 -1 -1 -1 0 
195 9 25 278 105 201 -1 -1 -1 0 
196 1 214 140 425 339 -1 -1 -1 0 
196 9 21 283 90 195 -1 -1 -1 0 
197 1 220 142 419 337 -1 -1 -1 0 
197 9 19 284 87 194 -1 -1 -1 0 
198 1 222 143 417 336 -1 -1 -1 0 
199 1 219 138 418 341 -1 -1 -1 0 
200 1 221 138 417 341 -1 -1 -1 0 
202 1 224 128 414 351 -1 -1 -1 0 
203 1 225 127 414 352 -1 -1 -1 0 
204 1 230 125 409 354 -1 -1 -1 0 
205 1 231 122 408 357 -1 -1 -1 0 
206 1 100 120 539 359 -1 -1 -1 0 
207 1 231 112 404 367 -1 -1 -1 0 
208 1 237 109 399 370 -1 -1 -1 0 
208 8 71 364 85 113 -1 -1 -1 0 
209 1 235 108 404 371 -1 -1 -1 0 
209 8 73 363 84 115 -1 -1 -1 0 
